1 0
-2 0
-21 0
-22 0
-41 0
-42 0
-61 0
-62 0
-81 0
-82 0
-5 0
-6 0
-25 0
-26 0
-45 0
-46 0
-65 0
-66 0
-85 0
-86 0
-9 0
-10 0
-29 0
-30 0
-49 0
-50 0
-69 0
-70 0
-89 0
-90 0
-13 0
-14 0
-33 0
-34 0
-53 0
-54 0
-73 0
-74 0
-93 0
-94 0
-17 0
-18 0
-37 0
-38 0
-57 0
-58 0
-77 0
-78 0
-97 0
98 0
-3 0
4 0
-23 0
-24 0
-43 0
-44 0
-63 0
-64 0
-83 0
-84 0
-7 0
-8 0
-27 0
-28 0
-47 0
-48 0
-67 0
-68 0
-87 0
-88 0
-11 0
-12 0
-31 0
-32 0
-51 0
-52 0
-71 0
-72 0
-91 0
-92 0
-15 0
-16 0
-35 0
-36 0
-55 0
-56 0
-75 0
-76 0
-95 0
-96 0
-19 0
-20 0
-39 0
-40 0
-59 0
-60 0
-79 0
-80 0
99 0
-100 0
-2 1 5 21 0
-22 21 25 41 1 0
-42 41 45 61 21 0
-62 61 65 81 41 0
-82 81 85 61 0
-6 5 9 1 25 0
-26 25 29 21 45 5 0
-46 45 49 41 65 25 0
-66 65 69 61 85 45 0
-86 85 89 81 65 0
-10 9 13 5 29 0
-30 29 33 25 49 9 0
-50 49 53 45 69 29 0
-70 69 73 65 89 49 0
-90 89 93 85 69 0
-14 13 17 9 33 0
-34 33 37 29 53 13 0
-54 53 57 49 73 33 0
-74 73 77 69 93 53 0
-94 93 97 89 73 0
-18 17 13 37 0
-38 37 33 57 17 0
-58 57 53 77 37 0
-78 77 73 97 57 0
-98 97 93 77 0
-4 3 7 23 0
-24 23 27 43 3 0
-44 43 47 63 23 0
-64 63 67 83 43 0
-84 83 87 63 0
-8 7 11 3 27 0
-28 27 31 23 47 7 0
-48 47 51 43 67 27 0
-68 67 71 63 87 47 0
-88 87 91 83 67 0
-12 11 15 7 31 0
-32 31 35 27 51 11 0
-52 51 55 47 71 31 0
-72 71 75 67 91 51 0
-92 91 95 87 71 0
-16 15 19 11 35 0
-36 35 39 31 55 15 0
-56 55 59 51 75 35 0
-76 75 79 71 95 55 0
-96 95 99 91 75 0
-20 19 15 39 0
-40 39 35 59 19 0
-60 59 55 79 39 0
-80 79 75 99 59 0
-100 99 95 79 0
-9 0
-13 0
-45 0
-53 0
-85 0
-89 0
-10 0
-14 0
-46 0
-54 0
-86 0
-90 0
-11 0
-15 0
-47 0
-55 0
-87 0
-91 0
-12 0
-16 0
-48 0
-56 0
-88 0
-92 0
-1 -3 0
-1 -7 -6 -4 0
-3 -5 -8 -2 0
-1 -23 -22 -4 0
-3 -21 -24 -2 0
-21 -23 0
-21 -27 -26 -24 0
-23 -25 -28 -22 0
-21 -43 -42 -24 0
-23 -41 -44 -22 0
-41 -43 0
-41 -47 -46 -44 0
-43 -45 -48 -42 0
-41 -63 -62 -44 0
-43 -61 -64 -42 0
-61 -63 0
-61 -67 -66 -64 0
-63 -65 -68 -62 0
-61 -83 -82 -64 0
-63 -81 -84 -62 0
-81 -83 0
-81 -87 -86 -84 0
-83 -85 -88 -82 0
-5 -7 0
-5 -11 -10 -8 0
-7 -9 -12 -6 0
-5 -27 -26 -8 0
-7 -25 -28 -6 0
-25 -27 0
-25 -31 -30 -28 0
-27 -29 -32 -26 0
-25 -47 -46 -28 0
-27 -45 -48 -26 0
-45 -47 0
-45 -51 -50 -48 0
-47 -49 -52 -46 0
-45 -67 -66 -48 0
-47 -65 -68 -46 0
-65 -67 0
-65 -71 -70 -68 0
-67 -69 -72 -66 0
-65 -87 -86 -68 0
-67 -85 -88 -66 0
-85 -87 0
-85 -91 -90 -88 0
-87 -89 -92 -86 0
-9 -11 0
-9 -15 -14 -12 0
-11 -13 -16 -10 0
-9 -31 -30 -12 0
-11 -29 -32 -10 0
-29 -31 0
-29 -35 -34 -32 0
-31 -33 -36 -30 0
-29 -51 -50 -32 0
-31 -49 -52 -30 0
-49 -51 0
-49 -55 -54 -52 0
-51 -53 -56 -50 0
-49 -71 -70 -52 0
-51 -69 -72 -50 0
-69 -71 0
-69 -75 -74 -72 0
-71 -73 -76 -70 0
-69 -91 -90 -72 0
-71 -89 -92 -70 0
-89 -91 0
-89 -95 -94 -92 0
-91 -93 -96 -90 0
-13 -15 0
-13 -19 -18 -16 0
-15 -17 -20 -14 0
-13 -35 -34 -16 0
-15 -33 -36 -14 0
-33 -35 0
-33 -39 -38 -36 0
-35 -37 -40 -34 0
-33 -55 -54 -36 0
-35 -53 -56 -34 0
-53 -55 0
-53 -59 -58 -56 0
-55 -57 -60 -54 0
-53 -75 -74 -56 0
-55 -73 -76 -54 0
-73 -75 0
-73 -79 -78 -76 0
-75 -77 -80 -74 0
-73 -95 -94 -76 0
-75 -93 -96 -74 0
-93 -95 0
-93 -99 -98 -96 0
-95 -97 -100 -94 0
-17 -19 0
-17 -39 -38 -20 0
-19 -37 -40 -18 0
-37 -39 0
-37 -59 -58 -40 0
-39 -57 -60 -38 0
-57 -59 0
-57 -79 -78 -60 0
-59 -77 -80 -58 0
-77 -79 0
-77 -99 -98 -80 0
-79 -97 -100 -78 0
-97 -99 0
-2 -4 0
-2 -8 -7 -5 0
-4 -6 -9 -3 0
-2 -24 -23 -5 0
-4 -22 -25 -3 0
-22 -24 0
-22 -28 -27 -25 0
-24 -26 -29 -23 0
-22 -44 -43 -25 0
-24 -42 -45 -23 0
-42 -44 0
-42 -48 -47 -45 0
-44 -46 -49 -43 0
-42 -64 -63 -45 0
-44 -62 -65 -43 0
-62 -64 0
-62 -68 -67 -65 0
-64 -66 -69 -63 0
-62 -84 -83 -65 0
-64 -82 -85 -63 0
-82 -84 0
-82 -88 -87 -85 0
-84 -86 -89 -83 0
-6 -8 0
-6 -12 -11 -9 0
-8 -10 -13 -7 0
-6 -28 -27 -9 0
-8 -26 -29 -7 0
-26 -28 0
-26 -32 -31 -29 0
-28 -30 -33 -27 0
-26 -48 -47 -29 0
-28 -46 -49 -27 0
-46 -48 0
-46 -52 -51 -49 0
-48 -50 -53 -47 0
-46 -68 -67 -49 0
-48 -66 -69 -47 0
-66 -68 0
-66 -72 -71 -69 0
-68 -70 -73 -67 0
-66 -88 -87 -69 0
-68 -86 -89 -67 0
-86 -88 0
-86 -92 -91 -89 0
-88 -90 -93 -87 0
-10 -12 0
-10 -16 -15 -13 0
-12 -14 -17 -11 0
-10 -32 -31 -13 0
-12 -30 -33 -11 0
-30 -32 0
-30 -36 -35 -33 0
-32 -34 -37 -31 0
-30 -52 -51 -33 0
-32 -50 -53 -31 0
-50 -52 0
-50 -56 -55 -53 0
-52 -54 -57 -51 0
-50 -72 -71 -53 0
-52 -70 -73 -51 0
-70 -72 0
-70 -76 -75 -73 0
-72 -74 -77 -71 0
-70 -92 -91 -73 0
-72 -90 -93 -71 0
-90 -92 0
-90 -96 -95 -93 0
-92 -94 -97 -91 0
-14 -16 0
-14 -20 -19 -17 0
-16 -18 -21 -15 0
-14 -36 -35 -17 0
-16 -34 -37 -15 0
-34 -36 0
-34 -40 -39 -37 0
-36 -38 -41 -35 0
-34 -56 -55 -37 0
-36 -54 -57 -35 0
-54 -56 0
-54 -60 -59 -57 0
-56 -58 -61 -55 0
-54 -76 -75 -57 0
-56 -74 -77 -55 0
-74 -76 0
-74 -80 -79 -77 0
-76 -78 -81 -75 0
-74 -96 -95 -77 0
-76 -94 -97 -75 0
-94 -96 0
-94 -100 -99 -97 0
-96 -98 -101 -95 0
-18 -20 0
-18 -40 -39 -21 0
-20 -38 -41 -19 0
-38 -40 0
-38 -60 -59 -41 0
-40 -58 -61 -39 0
-58 -60 0
-58 -80 -79 -61 0
-60 -78 -81 -59 0
-78 -80 0
-78 -100 -99 -81 0
-80 -98 -101 -79 0
-98 -100 0
-1 -21 0
-3 -23 0
-1 -41 0
-3 -43 0
-1 -61 0
-3 -63 0
-1 -81 0
-3 -83 0
-1 -5 0
-3 -7 0
-1 -25 0
-3 -27 0
-1 -45 0
-3 -47 0
-1 -65 0
-3 -67 0
-1 -85 0
-3 -87 0
-1 -9 0
-3 -11 0
-1 -29 0
-3 -31 0
-1 -49 0
-3 -51 0
-1 -69 0
-3 -71 0
-1 -89 0
-3 -91 0
-1 -13 0
-3 -15 0
-1 -33 0
-3 -35 0
-1 -53 0
-3 -55 0
-1 -73 0
-3 -75 0
-1 -93 0
-3 -95 0
-1 -17 0
-3 -19 0
-1 -37 0
-3 -39 0
-1 -57 0
-3 -59 0
-1 -77 0
-3 -79 0
-1 -97 0
-3 -99 0
-21 -1 0
-23 -3 0
-21 -41 0
-23 -43 0
-21 -61 0
-23 -63 0
-21 -81 0
-23 -83 0
-21 -5 0
-23 -7 0
-21 -25 0
-23 -27 0
-21 -45 0
-23 -47 0
-21 -65 0
-23 -67 0
-21 -85 0
-23 -87 0
-21 -9 0
-23 -11 0
-21 -29 0
-23 -31 0
-21 -49 0
-23 -51 0
-21 -69 0
-23 -71 0
-21 -89 0
-23 -91 0
-21 -13 0
-23 -15 0
-21 -33 0
-23 -35 0
-21 -53 0
-23 -55 0
-21 -73 0
-23 -75 0
-21 -93 0
-23 -95 0
-21 -17 0
-23 -19 0
-21 -37 0
-23 -39 0
-21 -57 0
-23 -59 0
-21 -77 0
-23 -79 0
-21 -97 0
-23 -99 0
-41 -1 0
-43 -3 0
-41 -21 0
-43 -23 0
-41 -61 0
-43 -63 0
-41 -81 0
-43 -83 0
-41 -5 0
-43 -7 0
-41 -25 0
-43 -27 0
-41 -45 0
-43 -47 0
-41 -65 0
-43 -67 0
-41 -85 0
-43 -87 0
-41 -9 0
-43 -11 0
-41 -29 0
-43 -31 0
-41 -49 0
-43 -51 0
-41 -69 0
-43 -71 0
-41 -89 0
-43 -91 0
-41 -13 0
-43 -15 0
-41 -33 0
-43 -35 0
-41 -53 0
-43 -55 0
-41 -73 0
-43 -75 0
-41 -93 0
-43 -95 0
-41 -17 0
-43 -19 0
-41 -37 0
-43 -39 0
-41 -57 0
-43 -59 0
-41 -77 0
-43 -79 0
-41 -97 0
-43 -99 0
-61 -1 0
-63 -3 0
-61 -21 0
-63 -23 0
-61 -41 0
-63 -43 0
-61 -81 0
-63 -83 0
-61 -5 0
-63 -7 0
-61 -25 0
-63 -27 0
-61 -45 0
-63 -47 0
-61 -65 0
-63 -67 0
-61 -85 0
-63 -87 0
-61 -9 0
-63 -11 0
-61 -29 0
-63 -31 0
-61 -49 0
-63 -51 0
-61 -69 0
-63 -71 0
-61 -89 0
-63 -91 0
-61 -13 0
-63 -15 0
-61 -33 0
-63 -35 0
-61 -53 0
-63 -55 0
-61 -73 0
-63 -75 0
-61 -93 0
-63 -95 0
-61 -17 0
-63 -19 0
-61 -37 0
-63 -39 0
-61 -57 0
-63 -59 0
-61 -77 0
-63 -79 0
-61 -97 0
-63 -99 0
-81 -1 0
-83 -3 0
-81 -21 0
-83 -23 0
-81 -41 0
-83 -43 0
-81 -61 0
-83 -63 0
-81 -5 0
-83 -7 0
-81 -25 0
-83 -27 0
-81 -45 0
-83 -47 0
-81 -65 0
-83 -67 0
-81 -85 0
-83 -87 0
-81 -9 0
-83 -11 0
-81 -29 0
-83 -31 0
-81 -49 0
-83 -51 0
-81 -69 0
-83 -71 0
-81 -89 0
-83 -91 0
-81 -13 0
-83 -15 0
-81 -33 0
-83 -35 0
-81 -53 0
-83 -55 0
-81 -73 0
-83 -75 0
-81 -93 0
-83 -95 0
-81 -17 0
-83 -19 0
-81 -37 0
-83 -39 0
-81 -57 0
-83 -59 0
-81 -77 0
-83 -79 0
-81 -97 0
-83 -99 0
-5 -1 0
-7 -3 0
-5 -21 0
-7 -23 0
-5 -41 0
-7 -43 0
-5 -61 0
-7 -63 0
-5 -81 0
-7 -83 0
-5 -25 0
-7 -27 0
-5 -45 0
-7 -47 0
-5 -65 0
-7 -67 0
-5 -85 0
-7 -87 0
-5 -9 0
-7 -11 0
-5 -29 0
-7 -31 0
-5 -49 0
-7 -51 0
-5 -69 0
-7 -71 0
-5 -89 0
-7 -91 0
-5 -13 0
-7 -15 0
-5 -33 0
-7 -35 0
-5 -53 0
-7 -55 0
-5 -73 0
-7 -75 0
-5 -93 0
-7 -95 0
-5 -17 0
-7 -19 0
-5 -37 0
-7 -39 0
-5 -57 0
-7 -59 0
-5 -77 0
-7 -79 0
-5 -97 0
-7 -99 0
-25 -1 0
-27 -3 0
-25 -21 0
-27 -23 0
-25 -41 0
-27 -43 0
-25 -61 0
-27 -63 0
-25 -81 0
-27 -83 0
-25 -5 0
-27 -7 0
-25 -45 0
-27 -47 0
-25 -65 0
-27 -67 0
-25 -85 0
-27 -87 0
-25 -9 0
-27 -11 0
-25 -29 0
-27 -31 0
-25 -49 0
-27 -51 0
-25 -69 0
-27 -71 0
-25 -89 0
-27 -91 0
-25 -13 0
-27 -15 0
-25 -33 0
-27 -35 0
-25 -53 0
-27 -55 0
-25 -73 0
-27 -75 0
-25 -93 0
-27 -95 0
-25 -17 0
-27 -19 0
-25 -37 0
-27 -39 0
-25 -57 0
-27 -59 0
-25 -77 0
-27 -79 0
-25 -97 0
-27 -99 0
-45 -1 0
-47 -3 0
-45 -21 0
-47 -23 0
-45 -41 0
-47 -43 0
-45 -61 0
-47 -63 0
-45 -81 0
-47 -83 0
-45 -5 0
-47 -7 0
-45 -25 0
-47 -27 0
-45 -65 0
-47 -67 0
-45 -85 0
-47 -87 0
-45 -9 0
-47 -11 0
-45 -29 0
-47 -31 0
-45 -49 0
-47 -51 0
-45 -69 0
-47 -71 0
-45 -89 0
-47 -91 0
-45 -13 0
-47 -15 0
-45 -33 0
-47 -35 0
-45 -53 0
-47 -55 0
-45 -73 0
-47 -75 0
-45 -93 0
-47 -95 0
-45 -17 0
-47 -19 0
-45 -37 0
-47 -39 0
-45 -57 0
-47 -59 0
-45 -77 0
-47 -79 0
-45 -97 0
-47 -99 0
-65 -1 0
-67 -3 0
-65 -21 0
-67 -23 0
-65 -41 0
-67 -43 0
-65 -61 0
-67 -63 0
-65 -81 0
-67 -83 0
-65 -5 0
-67 -7 0
-65 -25 0
-67 -27 0
-65 -45 0
-67 -47 0
-65 -85 0
-67 -87 0
-65 -9 0
-67 -11 0
-65 -29 0
-67 -31 0
-65 -49 0
-67 -51 0
-65 -69 0
-67 -71 0
-65 -89 0
-67 -91 0
-65 -13 0
-67 -15 0
-65 -33 0
-67 -35 0
-65 -53 0
-67 -55 0
-65 -73 0
-67 -75 0
-65 -93 0
-67 -95 0
-65 -17 0
-67 -19 0
-65 -37 0
-67 -39 0
-65 -57 0
-67 -59 0
-65 -77 0
-67 -79 0
-65 -97 0
-67 -99 0
-85 -1 0
-87 -3 0
-85 -21 0
-87 -23 0
-85 -41 0
-87 -43 0
-85 -61 0
-87 -63 0
-85 -81 0
-87 -83 0
-85 -5 0
-87 -7 0
-85 -25 0
-87 -27 0
-85 -45 0
-87 -47 0
-85 -65 0
-87 -67 0
-85 -9 0
-87 -11 0
-85 -29 0
-87 -31 0
-85 -49 0
-87 -51 0
-85 -69 0
-87 -71 0
-85 -89 0
-87 -91 0
-85 -13 0
-87 -15 0
-85 -33 0
-87 -35 0
-85 -53 0
-87 -55 0
-85 -73 0
-87 -75 0
-85 -93 0
-87 -95 0
-85 -17 0
-87 -19 0
-85 -37 0
-87 -39 0
-85 -57 0
-87 -59 0
-85 -77 0
-87 -79 0
-85 -97 0
-87 -99 0
-9 -1 0
-11 -3 0
-9 -21 0
-11 -23 0
-9 -41 0
-11 -43 0
-9 -61 0
-11 -63 0
-9 -81 0
-11 -83 0
-9 -5 0
-11 -7 0
-9 -25 0
-11 -27 0
-9 -45 0
-11 -47 0
-9 -65 0
-11 -67 0
-9 -85 0
-11 -87 0
-9 -29 0
-11 -31 0
-9 -49 0
-11 -51 0
-9 -69 0
-11 -71 0
-9 -89 0
-11 -91 0
-9 -13 0
-11 -15 0
-9 -33 0
-11 -35 0
-9 -53 0
-11 -55 0
-9 -73 0
-11 -75 0
-9 -93 0
-11 -95 0
-9 -17 0
-11 -19 0
-9 -37 0
-11 -39 0
-9 -57 0
-11 -59 0
-9 -77 0
-11 -79 0
-9 -97 0
-11 -99 0
-29 -1 0
-31 -3 0
-29 -21 0
-31 -23 0
-29 -41 0
-31 -43 0
-29 -61 0
-31 -63 0
-29 -81 0
-31 -83 0
-29 -5 0
-31 -7 0
-29 -25 0
-31 -27 0
-29 -45 0
-31 -47 0
-29 -65 0
-31 -67 0
-29 -85 0
-31 -87 0
-29 -9 0
-31 -11 0
-29 -49 0
-31 -51 0
-29 -69 0
-31 -71 0
-29 -89 0
-31 -91 0
-29 -13 0
-31 -15 0
-29 -33 0
-31 -35 0
-29 -53 0
-31 -55 0
-29 -73 0
-31 -75 0
-29 -93 0
-31 -95 0
-29 -17 0
-31 -19 0
-29 -37 0
-31 -39 0
-29 -57 0
-31 -59 0
-29 -77 0
-31 -79 0
-29 -97 0
-31 -99 0
-49 -1 0
-51 -3 0
-49 -21 0
-51 -23 0
-49 -41 0
-51 -43 0
-49 -61 0
-51 -63 0
-49 -81 0
-51 -83 0
-49 -5 0
-51 -7 0
-49 -25 0
-51 -27 0
-49 -45 0
-51 -47 0
-49 -65 0
-51 -67 0
-49 -85 0
-51 -87 0
-49 -9 0
-51 -11 0
-49 -29 0
-51 -31 0
-49 -69 0
-51 -71 0
-49 -89 0
-51 -91 0
-49 -13 0
-51 -15 0
-49 -33 0
-51 -35 0
-49 -53 0
-51 -55 0
-49 -73 0
-51 -75 0
-49 -93 0
-51 -95 0
-49 -17 0
-51 -19 0
-49 -37 0
-51 -39 0
-49 -57 0
-51 -59 0
-49 -77 0
-51 -79 0
-49 -97 0
-51 -99 0
-69 -1 0
-71 -3 0
-69 -21 0
-71 -23 0
-69 -41 0
-71 -43 0
-69 -61 0
-71 -63 0
-69 -81 0
-71 -83 0
-69 -5 0
-71 -7 0
-69 -25 0
-71 -27 0
-69 -45 0
-71 -47 0
-69 -65 0
-71 -67 0
-69 -85 0
-71 -87 0
-69 -9 0
-71 -11 0
-69 -29 0
-71 -31 0
-69 -49 0
-71 -51 0
-69 -89 0
-71 -91 0
-69 -13 0
-71 -15 0
-69 -33 0
-71 -35 0
-69 -53 0
-71 -55 0
-69 -73 0
-71 -75 0
-69 -93 0
-71 -95 0
-69 -17 0
-71 -19 0
-69 -37 0
-71 -39 0
-69 -57 0
-71 -59 0
-69 -77 0
-71 -79 0
-69 -97 0
-71 -99 0
-89 -1 0
-91 -3 0
-89 -21 0
-91 -23 0
-89 -41 0
-91 -43 0
-89 -61 0
-91 -63 0
-89 -81 0
-91 -83 0
-89 -5 0
-91 -7 0
-89 -25 0
-91 -27 0
-89 -45 0
-91 -47 0
-89 -65 0
-91 -67 0
-89 -85 0
-91 -87 0
-89 -9 0
-91 -11 0
-89 -29 0
-91 -31 0
-89 -49 0
-91 -51 0
-89 -69 0
-91 -71 0
-89 -13 0
-91 -15 0
-89 -33 0
-91 -35 0
-89 -53 0
-91 -55 0
-89 -73 0
-91 -75 0
-89 -93 0
-91 -95 0
-89 -17 0
-91 -19 0
-89 -37 0
-91 -39 0
-89 -57 0
-91 -59 0
-89 -77 0
-91 -79 0
-89 -97 0
-91 -99 0
-13 -1 0
-15 -3 0
-13 -21 0
-15 -23 0
-13 -41 0
-15 -43 0
-13 -61 0
-15 -63 0
-13 -81 0
-15 -83 0
-13 -5 0
-15 -7 0
-13 -25 0
-15 -27 0
-13 -45 0
-15 -47 0
-13 -65 0
-15 -67 0
-13 -85 0
-15 -87 0
-13 -9 0
-15 -11 0
-13 -29 0
-15 -31 0
-13 -49 0
-15 -51 0
-13 -69 0
-15 -71 0
-13 -89 0
-15 -91 0
-13 -33 0
-15 -35 0
-13 -53 0
-15 -55 0
-13 -73 0
-15 -75 0
-13 -93 0
-15 -95 0
-13 -17 0
-15 -19 0
-13 -37 0
-15 -39 0
-13 -57 0
-15 -59 0
-13 -77 0
-15 -79 0
-13 -97 0
-15 -99 0
-33 -1 0
-35 -3 0
-33 -21 0
-35 -23 0
-33 -41 0
-35 -43 0
-33 -61 0
-35 -63 0
-33 -81 0
-35 -83 0
-33 -5 0
-35 -7 0
-33 -25 0
-35 -27 0
-33 -45 0
-35 -47 0
-33 -65 0
-35 -67 0
-33 -85 0
-35 -87 0
-33 -9 0
-35 -11 0
-33 -29 0
-35 -31 0
-33 -49 0
-35 -51 0
-33 -69 0
-35 -71 0
-33 -89 0
-35 -91 0
-33 -13 0
-35 -15 0
-33 -53 0
-35 -55 0
-33 -73 0
-35 -75 0
-33 -93 0
-35 -95 0
-33 -17 0
-35 -19 0
-33 -37 0
-35 -39 0
-33 -57 0
-35 -59 0
-33 -77 0
-35 -79 0
-33 -97 0
-35 -99 0
-53 -1 0
-55 -3 0
-53 -21 0
-55 -23 0
-53 -41 0
-55 -43 0
-53 -61 0
-55 -63 0
-53 -81 0
-55 -83 0
-53 -5 0
-55 -7 0
-53 -25 0
-55 -27 0
-53 -45 0
-55 -47 0
-53 -65 0
-55 -67 0
-53 -85 0
-55 -87 0
-53 -9 0
-55 -11 0
-53 -29 0
-55 -31 0
-53 -49 0
-55 -51 0
-53 -69 0
-55 -71 0
-53 -89 0
-55 -91 0
-53 -13 0
-55 -15 0
-53 -33 0
-55 -35 0
-53 -73 0
-55 -75 0
-53 -93 0
-55 -95 0
-53 -17 0
-55 -19 0
-53 -37 0
-55 -39 0
-53 -57 0
-55 -59 0
-53 -77 0
-55 -79 0
-53 -97 0
-55 -99 0
-73 -1 0
-75 -3 0
-73 -21 0
-75 -23 0
-73 -41 0
-75 -43 0
-73 -61 0
-75 -63 0
-73 -81 0
-75 -83 0
-73 -5 0
-75 -7 0
-73 -25 0
-75 -27 0
-73 -45 0
-75 -47 0
-73 -65 0
-75 -67 0
-73 -85 0
-75 -87 0
-73 -9 0
-75 -11 0
-73 -29 0
-75 -31 0
-73 -49 0
-75 -51 0
-73 -69 0
-75 -71 0
-73 -89 0
-75 -91 0
-73 -13 0
-75 -15 0
-73 -33 0
-75 -35 0
-73 -53 0
-75 -55 0
-73 -93 0
-75 -95 0
-73 -17 0
-75 -19 0
-73 -37 0
-75 -39 0
-73 -57 0
-75 -59 0
-73 -77 0
-75 -79 0
-73 -97 0
-75 -99 0
-93 -1 0
-95 -3 0
-93 -21 0
-95 -23 0
-93 -41 0
-95 -43 0
-93 -61 0
-95 -63 0
-93 -81 0
-95 -83 0
-93 -5 0
-95 -7 0
-93 -25 0
-95 -27 0
-93 -45 0
-95 -47 0
-93 -65 0
-95 -67 0
-93 -85 0
-95 -87 0
-93 -9 0
-95 -11 0
-93 -29 0
-95 -31 0
-93 -49 0
-95 -51 0
-93 -69 0
-95 -71 0
-93 -89 0
-95 -91 0
-93 -13 0
-95 -15 0
-93 -33 0
-95 -35 0
-93 -53 0
-95 -55 0
-93 -73 0
-95 -75 0
-93 -17 0
-95 -19 0
-93 -37 0
-95 -39 0
-93 -57 0
-95 -59 0
-93 -77 0
-95 -79 0
-93 -97 0
-95 -99 0
-17 -1 0
-19 -3 0
-17 -21 0
-19 -23 0
-17 -41 0
-19 -43 0
-17 -61 0
-19 -63 0
-17 -81 0
-19 -83 0
-17 -5 0
-19 -7 0
-17 -25 0
-19 -27 0
-17 -45 0
-19 -47 0
-17 -65 0
-19 -67 0
-17 -85 0
-19 -87 0
-17 -9 0
-19 -11 0
-17 -29 0
-19 -31 0
-17 -49 0
-19 -51 0
-17 -69 0
-19 -71 0
-17 -89 0
-19 -91 0
-17 -13 0
-19 -15 0
-17 -33 0
-19 -35 0
-17 -53 0
-19 -55 0
-17 -73 0
-19 -75 0
-17 -93 0
-19 -95 0
-17 -37 0
-19 -39 0
-17 -57 0
-19 -59 0
-17 -77 0
-19 -79 0
-17 -97 0
-19 -99 0
-37 -1 0
-39 -3 0
-37 -21 0
-39 -23 0
-37 -41 0
-39 -43 0
-37 -61 0
-39 -63 0
-37 -81 0
-39 -83 0
-37 -5 0
-39 -7 0
-37 -25 0
-39 -27 0
-37 -45 0
-39 -47 0
-37 -65 0
-39 -67 0
-37 -85 0
-39 -87 0
-37 -9 0
-39 -11 0
-37 -29 0
-39 -31 0
-37 -49 0
-39 -51 0
-37 -69 0
-39 -71 0
-37 -89 0
-39 -91 0
-37 -13 0
-39 -15 0
-37 -33 0
-39 -35 0
-37 -53 0
-39 -55 0
-37 -73 0
-39 -75 0
-37 -93 0
-39 -95 0
-37 -17 0
-39 -19 0
-37 -57 0
-39 -59 0
-37 -77 0
-39 -79 0
-37 -97 0
-39 -99 0
-57 -1 0
-59 -3 0
-57 -21 0
-59 -23 0
-57 -41 0
-59 -43 0
-57 -61 0
-59 -63 0
-57 -81 0
-59 -83 0
-57 -5 0
-59 -7 0
-57 -25 0
-59 -27 0
-57 -45 0
-59 -47 0
-57 -65 0
-59 -67 0
-57 -85 0
-59 -87 0
-57 -9 0
-59 -11 0
-57 -29 0
-59 -31 0
-57 -49 0
-59 -51 0
-57 -69 0
-59 -71 0
-57 -89 0
-59 -91 0
-57 -13 0
-59 -15 0
-57 -33 0
-59 -35 0
-57 -53 0
-59 -55 0
-57 -73 0
-59 -75 0
-57 -93 0
-59 -95 0
-57 -17 0
-59 -19 0
-57 -37 0
-59 -39 0
-57 -77 0
-59 -79 0
-57 -97 0
-59 -99 0
-77 -1 0
-79 -3 0
-77 -21 0
-79 -23 0
-77 -41 0
-79 -43 0
-77 -61 0
-79 -63 0
-77 -81 0
-79 -83 0
-77 -5 0
-79 -7 0
-77 -25 0
-79 -27 0
-77 -45 0
-79 -47 0
-77 -65 0
-79 -67 0
-77 -85 0
-79 -87 0
-77 -9 0
-79 -11 0
-77 -29 0
-79 -31 0
-77 -49 0
-79 -51 0
-77 -69 0
-79 -71 0
-77 -89 0
-79 -91 0
-77 -13 0
-79 -15 0
-77 -33 0
-79 -35 0
-77 -53 0
-79 -55 0
-77 -73 0
-79 -75 0
-77 -93 0
-79 -95 0
-77 -17 0
-79 -19 0
-77 -37 0
-79 -39 0
-77 -57 0
-79 -59 0
-77 -97 0
-79 -99 0
-97 -1 0
-99 -3 0
-97 -21 0
-99 -23 0
-97 -41 0
-99 -43 0
-97 -61 0
-99 -63 0
-97 -81 0
-99 -83 0
-97 -5 0
-99 -7 0
-97 -25 0
-99 -27 0
-97 -45 0
-99 -47 0
-97 -65 0
-99 -67 0
-97 -85 0
-99 -87 0
-97 -9 0
-99 -11 0
-97 -29 0
-99 -31 0
-97 -49 0
-99 -51 0
-97 -69 0
-99 -71 0
-97 -89 0
-99 -91 0
-97 -13 0
-99 -15 0
-97 -33 0
-99 -35 0
-97 -53 0
-99 -55 0
-97 -73 0
-99 -75 0
-97 -93 0
-99 -95 0
-97 -17 0
-99 -19 0
-97 -37 0
-99 -39 0
-97 -57 0
-99 -59 0
-97 -77 0
-99 -79 0
-2 -22 0
-4 -24 0
-2 -42 0
-4 -44 0
-2 -62 0
-4 -64 0
-2 -82 0
-4 -84 0
-2 -6 0
-4 -8 0
-2 -26 0
-4 -28 0
-2 -46 0
-4 -48 0
-2 -66 0
-4 -68 0
-2 -86 0
-4 -88 0
-2 -10 0
-4 -12 0
-2 -30 0
-4 -32 0
-2 -50 0
-4 -52 0
-2 -70 0
-4 -72 0
-2 -90 0
-4 -92 0
-2 -14 0
-4 -16 0
-2 -34 0
-4 -36 0
-2 -54 0
-4 -56 0
-2 -74 0
-4 -76 0
-2 -94 0
-4 -96 0
-2 -18 0
-4 -20 0
-2 -38 0
-4 -40 0
-2 -58 0
-4 -60 0
-2 -78 0
-4 -80 0
-2 -98 0
-4 -100 0
-22 -2 0
-24 -4 0
-22 -42 0
-24 -44 0
-22 -62 0
-24 -64 0
-22 -82 0
-24 -84 0
-22 -6 0
-24 -8 0
-22 -26 0
-24 -28 0
-22 -46 0
-24 -48 0
-22 -66 0
-24 -68 0
-22 -86 0
-24 -88 0
-22 -10 0
-24 -12 0
-22 -30 0
-24 -32 0
-22 -50 0
-24 -52 0
-22 -70 0
-24 -72 0
-22 -90 0
-24 -92 0
-22 -14 0
-24 -16 0
-22 -34 0
-24 -36 0
-22 -54 0
-24 -56 0
-22 -74 0
-24 -76 0
-22 -94 0
-24 -96 0
-22 -18 0
-24 -20 0
-22 -38 0
-24 -40 0
-22 -58 0
-24 -60 0
-22 -78 0
-24 -80 0
-22 -98 0
-24 -100 0
-42 -2 0
-44 -4 0
-42 -22 0
-44 -24 0
-42 -62 0
-44 -64 0
-42 -82 0
-44 -84 0
-42 -6 0
-44 -8 0
-42 -26 0
-44 -28 0
-42 -46 0
-44 -48 0
-42 -66 0
-44 -68 0
-42 -86 0
-44 -88 0
-42 -10 0
-44 -12 0
-42 -30 0
-44 -32 0
-42 -50 0
-44 -52 0
-42 -70 0
-44 -72 0
-42 -90 0
-44 -92 0
-42 -14 0
-44 -16 0
-42 -34 0
-44 -36 0
-42 -54 0
-44 -56 0
-42 -74 0
-44 -76 0
-42 -94 0
-44 -96 0
-42 -18 0
-44 -20 0
-42 -38 0
-44 -40 0
-42 -58 0
-44 -60 0
-42 -78 0
-44 -80 0
-42 -98 0
-44 -100 0
-62 -2 0
-64 -4 0
-62 -22 0
-64 -24 0
-62 -42 0
-64 -44 0
-62 -82 0
-64 -84 0
-62 -6 0
-64 -8 0
-62 -26 0
-64 -28 0
-62 -46 0
-64 -48 0
-62 -66 0
-64 -68 0
-62 -86 0
-64 -88 0
-62 -10 0
-64 -12 0
-62 -30 0
-64 -32 0
-62 -50 0
-64 -52 0
-62 -70 0
-64 -72 0
-62 -90 0
-64 -92 0
-62 -14 0
-64 -16 0
-62 -34 0
-64 -36 0
-62 -54 0
-64 -56 0
-62 -74 0
-64 -76 0
-62 -94 0
-64 -96 0
-62 -18 0
-64 -20 0
-62 -38 0
-64 -40 0
-62 -58 0
-64 -60 0
-62 -78 0
-64 -80 0
-62 -98 0
-64 -100 0
-82 -2 0
-84 -4 0
-82 -22 0
-84 -24 0
-82 -42 0
-84 -44 0
-82 -62 0
-84 -64 0
-82 -6 0
-84 -8 0
-82 -26 0
-84 -28 0
-82 -46 0
-84 -48 0
-82 -66 0
-84 -68 0
-82 -86 0
-84 -88 0
-82 -10 0
-84 -12 0
-82 -30 0
-84 -32 0
-82 -50 0
-84 -52 0
-82 -70 0
-84 -72 0
-82 -90 0
-84 -92 0
-82 -14 0
-84 -16 0
-82 -34 0
-84 -36 0
-82 -54 0
-84 -56 0
-82 -74 0
-84 -76 0
-82 -94 0
-84 -96 0
-82 -18 0
-84 -20 0
-82 -38 0
-84 -40 0
-82 -58 0
-84 -60 0
-82 -78 0
-84 -80 0
-82 -98 0
-84 -100 0
-6 -2 0
-8 -4 0
-6 -22 0
-8 -24 0
-6 -42 0
-8 -44 0
-6 -62 0
-8 -64 0
-6 -82 0
-8 -84 0
-6 -26 0
-8 -28 0
-6 -46 0
-8 -48 0
-6 -66 0
-8 -68 0
-6 -86 0
-8 -88 0
-6 -10 0
-8 -12 0
-6 -30 0
-8 -32 0
-6 -50 0
-8 -52 0
-6 -70 0
-8 -72 0
-6 -90 0
-8 -92 0
-6 -14 0
-8 -16 0
-6 -34 0
-8 -36 0
-6 -54 0
-8 -56 0
-6 -74 0
-8 -76 0
-6 -94 0
-8 -96 0
-6 -18 0
-8 -20 0
-6 -38 0
-8 -40 0
-6 -58 0
-8 -60 0
-6 -78 0
-8 -80 0
-6 -98 0
-8 -100 0
-26 -2 0
-28 -4 0
-26 -22 0
-28 -24 0
-26 -42 0
-28 -44 0
-26 -62 0
-28 -64 0
-26 -82 0
-28 -84 0
-26 -6 0
-28 -8 0
-26 -46 0
-28 -48 0
-26 -66 0
-28 -68 0
-26 -86 0
-28 -88 0
-26 -10 0
-28 -12 0
-26 -30 0
-28 -32 0
-26 -50 0
-28 -52 0
-26 -70 0
-28 -72 0
-26 -90 0
-28 -92 0
-26 -14 0
-28 -16 0
-26 -34 0
-28 -36 0
-26 -54 0
-28 -56 0
-26 -74 0
-28 -76 0
-26 -94 0
-28 -96 0
-26 -18 0
-28 -20 0
-26 -38 0
-28 -40 0
-26 -58 0
-28 -60 0
-26 -78 0
-28 -80 0
-26 -98 0
-28 -100 0
-46 -2 0
-48 -4 0
-46 -22 0
-48 -24 0
-46 -42 0
-48 -44 0
-46 -62 0
-48 -64 0
-46 -82 0
-48 -84 0
-46 -6 0
-48 -8 0
-46 -26 0
-48 -28 0
-46 -66 0
-48 -68 0
-46 -86 0
-48 -88 0
-46 -10 0
-48 -12 0
-46 -30 0
-48 -32 0
-46 -50 0
-48 -52 0
-46 -70 0
-48 -72 0
-46 -90 0
-48 -92 0
-46 -14 0
-48 -16 0
-46 -34 0
-48 -36 0
-46 -54 0
-48 -56 0
-46 -74 0
-48 -76 0
-46 -94 0
-48 -96 0
-46 -18 0
-48 -20 0
-46 -38 0
-48 -40 0
-46 -58 0
-48 -60 0
-46 -78 0
-48 -80 0
-46 -98 0
-48 -100 0
-66 -2 0
-68 -4 0
-66 -22 0
-68 -24 0
-66 -42 0
-68 -44 0
-66 -62 0
-68 -64 0
-66 -82 0
-68 -84 0
-66 -6 0
-68 -8 0
-66 -26 0
-68 -28 0
-66 -46 0
-68 -48 0
-66 -86 0
-68 -88 0
-66 -10 0
-68 -12 0
-66 -30 0
-68 -32 0
-66 -50 0
-68 -52 0
-66 -70 0
-68 -72 0
-66 -90 0
-68 -92 0
-66 -14 0
-68 -16 0
-66 -34 0
-68 -36 0
-66 -54 0
-68 -56 0
-66 -74 0
-68 -76 0
-66 -94 0
-68 -96 0
-66 -18 0
-68 -20 0
-66 -38 0
-68 -40 0
-66 -58 0
-68 -60 0
-66 -78 0
-68 -80 0
-66 -98 0
-68 -100 0
-86 -2 0
-88 -4 0
-86 -22 0
-88 -24 0
-86 -42 0
-88 -44 0
-86 -62 0
-88 -64 0
-86 -82 0
-88 -84 0
-86 -6 0
-88 -8 0
-86 -26 0
-88 -28 0
-86 -46 0
-88 -48 0
-86 -66 0
-88 -68 0
-86 -10 0
-88 -12 0
-86 -30 0
-88 -32 0
-86 -50 0
-88 -52 0
-86 -70 0
-88 -72 0
-86 -90 0
-88 -92 0
-86 -14 0
-88 -16 0
-86 -34 0
-88 -36 0
-86 -54 0
-88 -56 0
-86 -74 0
-88 -76 0
-86 -94 0
-88 -96 0
-86 -18 0
-88 -20 0
-86 -38 0
-88 -40 0
-86 -58 0
-88 -60 0
-86 -78 0
-88 -80 0
-86 -98 0
-88 -100 0
-10 -2 0
-12 -4 0
-10 -22 0
-12 -24 0
-10 -42 0
-12 -44 0
-10 -62 0
-12 -64 0
-10 -82 0
-12 -84 0
-10 -6 0
-12 -8 0
-10 -26 0
-12 -28 0
-10 -46 0
-12 -48 0
-10 -66 0
-12 -68 0
-10 -86 0
-12 -88 0
-10 -30 0
-12 -32 0
-10 -50 0
-12 -52 0
-10 -70 0
-12 -72 0
-10 -90 0
-12 -92 0
-10 -14 0
-12 -16 0
-10 -34 0
-12 -36 0
-10 -54 0
-12 -56 0
-10 -74 0
-12 -76 0
-10 -94 0
-12 -96 0
-10 -18 0
-12 -20 0
-10 -38 0
-12 -40 0
-10 -58 0
-12 -60 0
-10 -78 0
-12 -80 0
-10 -98 0
-12 -100 0
-30 -2 0
-32 -4 0
-30 -22 0
-32 -24 0
-30 -42 0
-32 -44 0
-30 -62 0
-32 -64 0
-30 -82 0
-32 -84 0
-30 -6 0
-32 -8 0
-30 -26 0
-32 -28 0
-30 -46 0
-32 -48 0
-30 -66 0
-32 -68 0
-30 -86 0
-32 -88 0
-30 -10 0
-32 -12 0
-30 -50 0
-32 -52 0
-30 -70 0
-32 -72 0
-30 -90 0
-32 -92 0
-30 -14 0
-32 -16 0
-30 -34 0
-32 -36 0
-30 -54 0
-32 -56 0
-30 -74 0
-32 -76 0
-30 -94 0
-32 -96 0
-30 -18 0
-32 -20 0
-30 -38 0
-32 -40 0
-30 -58 0
-32 -60 0
-30 -78 0
-32 -80 0
-30 -98 0
-32 -100 0
-50 -2 0
-52 -4 0
-50 -22 0
-52 -24 0
-50 -42 0
-52 -44 0
-50 -62 0
-52 -64 0
-50 -82 0
-52 -84 0
-50 -6 0
-52 -8 0
-50 -26 0
-52 -28 0
-50 -46 0
-52 -48 0
-50 -66 0
-52 -68 0
-50 -86 0
-52 -88 0
-50 -10 0
-52 -12 0
-50 -30 0
-52 -32 0
-50 -70 0
-52 -72 0
-50 -90 0
-52 -92 0
-50 -14 0
-52 -16 0
-50 -34 0
-52 -36 0
-50 -54 0
-52 -56 0
-50 -74 0
-52 -76 0
-50 -94 0
-52 -96 0
-50 -18 0
-52 -20 0
-50 -38 0
-52 -40 0
-50 -58 0
-52 -60 0
-50 -78 0
-52 -80 0
-50 -98 0
-52 -100 0
-70 -2 0
-72 -4 0
-70 -22 0
-72 -24 0
-70 -42 0
-72 -44 0
-70 -62 0
-72 -64 0
-70 -82 0
-72 -84 0
-70 -6 0
-72 -8 0
-70 -26 0
-72 -28 0
-70 -46 0
-72 -48 0
-70 -66 0
-72 -68 0
-70 -86 0
-72 -88 0
-70 -10 0
-72 -12 0
-70 -30 0
-72 -32 0
-70 -50 0
-72 -52 0
-70 -90 0
-72 -92 0
-70 -14 0
-72 -16 0
-70 -34 0
-72 -36 0
-70 -54 0
-72 -56 0
-70 -74 0
-72 -76 0
-70 -94 0
-72 -96 0
-70 -18 0
-72 -20 0
-70 -38 0
-72 -40 0
-70 -58 0
-72 -60 0
-70 -78 0
-72 -80 0
-70 -98 0
-72 -100 0
-90 -2 0
-92 -4 0
-90 -22 0
-92 -24 0
-90 -42 0
-92 -44 0
-90 -62 0
-92 -64 0
-90 -82 0
-92 -84 0
-90 -6 0
-92 -8 0
-90 -26 0
-92 -28 0
-90 -46 0
-92 -48 0
-90 -66 0
-92 -68 0
-90 -86 0
-92 -88 0
-90 -10 0
-92 -12 0
-90 -30 0
-92 -32 0
-90 -50 0
-92 -52 0
-90 -70 0
-92 -72 0
-90 -14 0
-92 -16 0
-90 -34 0
-92 -36 0
-90 -54 0
-92 -56 0
-90 -74 0
-92 -76 0
-90 -94 0
-92 -96 0
-90 -18 0
-92 -20 0
-90 -38 0
-92 -40 0
-90 -58 0
-92 -60 0
-90 -78 0
-92 -80 0
-90 -98 0
-92 -100 0
-14 -2 0
-16 -4 0
-14 -22 0
-16 -24 0
-14 -42 0
-16 -44 0
-14 -62 0
-16 -64 0
-14 -82 0
-16 -84 0
-14 -6 0
-16 -8 0
-14 -26 0
-16 -28 0
-14 -46 0
-16 -48 0
-14 -66 0
-16 -68 0
-14 -86 0
-16 -88 0
-14 -10 0
-16 -12 0
-14 -30 0
-16 -32 0
-14 -50 0
-16 -52 0
-14 -70 0
-16 -72 0
-14 -90 0
-16 -92 0
-14 -34 0
-16 -36 0
-14 -54 0
-16 -56 0
-14 -74 0
-16 -76 0
-14 -94 0
-16 -96 0
-14 -18 0
-16 -20 0
-14 -38 0
-16 -40 0
-14 -58 0
-16 -60 0
-14 -78 0
-16 -80 0
-14 -98 0
-16 -100 0
-34 -2 0
-36 -4 0
-34 -22 0
-36 -24 0
-34 -42 0
-36 -44 0
-34 -62 0
-36 -64 0
-34 -82 0
-36 -84 0
-34 -6 0
-36 -8 0
-34 -26 0
-36 -28 0
-34 -46 0
-36 -48 0
-34 -66 0
-36 -68 0
-34 -86 0
-36 -88 0
-34 -10 0
-36 -12 0
-34 -30 0
-36 -32 0
-34 -50 0
-36 -52 0
-34 -70 0
-36 -72 0
-34 -90 0
-36 -92 0
-34 -14 0
-36 -16 0
-34 -54 0
-36 -56 0
-34 -74 0
-36 -76 0
-34 -94 0
-36 -96 0
-34 -18 0
-36 -20 0
-34 -38 0
-36 -40 0
-34 -58 0
-36 -60 0
-34 -78 0
-36 -80 0
-34 -98 0
-36 -100 0
-54 -2 0
-56 -4 0
-54 -22 0
-56 -24 0
-54 -42 0
-56 -44 0
-54 -62 0
-56 -64 0
-54 -82 0
-56 -84 0
-54 -6 0
-56 -8 0
-54 -26 0
-56 -28 0
-54 -46 0
-56 -48 0
-54 -66 0
-56 -68 0
-54 -86 0
-56 -88 0
-54 -10 0
-56 -12 0
-54 -30 0
-56 -32 0
-54 -50 0
-56 -52 0
-54 -70 0
-56 -72 0
-54 -90 0
-56 -92 0
-54 -14 0
-56 -16 0
-54 -34 0
-56 -36 0
-54 -74 0
-56 -76 0
-54 -94 0
-56 -96 0
-54 -18 0
-56 -20 0
-54 -38 0
-56 -40 0
-54 -58 0
-56 -60 0
-54 -78 0
-56 -80 0
-54 -98 0
-56 -100 0
-74 -2 0
-76 -4 0
-74 -22 0
-76 -24 0
-74 -42 0
-76 -44 0
-74 -62 0
-76 -64 0
-74 -82 0
-76 -84 0
-74 -6 0
-76 -8 0
-74 -26 0
-76 -28 0
-74 -46 0
-76 -48 0
-74 -66 0
-76 -68 0
-74 -86 0
-76 -88 0
-74 -10 0
-76 -12 0
-74 -30 0
-76 -32 0
-74 -50 0
-76 -52 0
-74 -70 0
-76 -72 0
-74 -90 0
-76 -92 0
-74 -14 0
-76 -16 0
-74 -34 0
-76 -36 0
-74 -54 0
-76 -56 0
-74 -94 0
-76 -96 0
-74 -18 0
-76 -20 0
-74 -38 0
-76 -40 0
-74 -58 0
-76 -60 0
-74 -78 0
-76 -80 0
-74 -98 0
-76 -100 0
-94 -2 0
-96 -4 0
-94 -22 0
-96 -24 0
-94 -42 0
-96 -44 0
-94 -62 0
-96 -64 0
-94 -82 0
-96 -84 0
-94 -6 0
-96 -8 0
-94 -26 0
-96 -28 0
-94 -46 0
-96 -48 0
-94 -66 0
-96 -68 0
-94 -86 0
-96 -88 0
-94 -10 0
-96 -12 0
-94 -30 0
-96 -32 0
-94 -50 0
-96 -52 0
-94 -70 0
-96 -72 0
-94 -90 0
-96 -92 0
-94 -14 0
-96 -16 0
-94 -34 0
-96 -36 0
-94 -54 0
-96 -56 0
-94 -74 0
-96 -76 0
-94 -18 0
-96 -20 0
-94 -38 0
-96 -40 0
-94 -58 0
-96 -60 0
-94 -78 0
-96 -80 0
-94 -98 0
-96 -100 0
-18 -2 0
-20 -4 0
-18 -22 0
-20 -24 0
-18 -42 0
-20 -44 0
-18 -62 0
-20 -64 0
-18 -82 0
-20 -84 0
-18 -6 0
-20 -8 0
-18 -26 0
-20 -28 0
-18 -46 0
-20 -48 0
-18 -66 0
-20 -68 0
-18 -86 0
-20 -88 0
-18 -10 0
-20 -12 0
-18 -30 0
-20 -32 0
-18 -50 0
-20 -52 0
-18 -70 0
-20 -72 0
-18 -90 0
-20 -92 0
-18 -14 0
-20 -16 0
-18 -34 0
-20 -36 0
-18 -54 0
-20 -56 0
-18 -74 0
-20 -76 0
-18 -94 0
-20 -96 0
-18 -38 0
-20 -40 0
-18 -58 0
-20 -60 0
-18 -78 0
-20 -80 0
-18 -98 0
-20 -100 0
-38 -2 0
-40 -4 0
-38 -22 0
-40 -24 0
-38 -42 0
-40 -44 0
-38 -62 0
-40 -64 0
-38 -82 0
-40 -84 0
-38 -6 0
-40 -8 0
-38 -26 0
-40 -28 0
-38 -46 0
-40 -48 0
-38 -66 0
-40 -68 0
-38 -86 0
-40 -88 0
-38 -10 0
-40 -12 0
-38 -30 0
-40 -32 0
-38 -50 0
-40 -52 0
-38 -70 0
-40 -72 0
-38 -90 0
-40 -92 0
-38 -14 0
-40 -16 0
-38 -34 0
-40 -36 0
-38 -54 0
-40 -56 0
-38 -74 0
-40 -76 0
-38 -94 0
-40 -96 0
-38 -18 0
-40 -20 0
-38 -58 0
-40 -60 0
-38 -78 0
-40 -80 0
-38 -98 0
-40 -100 0
-58 -2 0
-60 -4 0
-58 -22 0
-60 -24 0
-58 -42 0
-60 -44 0
-58 -62 0
-60 -64 0
-58 -82 0
-60 -84 0
-58 -6 0
-60 -8 0
-58 -26 0
-60 -28 0
-58 -46 0
-60 -48 0
-58 -66 0
-60 -68 0
-58 -86 0
-60 -88 0
-58 -10 0
-60 -12 0
-58 -30 0
-60 -32 0
-58 -50 0
-60 -52 0
-58 -70 0
-60 -72 0
-58 -90 0
-60 -92 0
-58 -14 0
-60 -16 0
-58 -34 0
-60 -36 0
-58 -54 0
-60 -56 0
-58 -74 0
-60 -76 0
-58 -94 0
-60 -96 0
-58 -18 0
-60 -20 0
-58 -38 0
-60 -40 0
-58 -78 0
-60 -80 0
-58 -98 0
-60 -100 0
-78 -2 0
-80 -4 0
-78 -22 0
-80 -24 0
-78 -42 0
-80 -44 0
-78 -62 0
-80 -64 0
-78 -82 0
-80 -84 0
-78 -6 0
-80 -8 0
-78 -26 0
-80 -28 0
-78 -46 0
-80 -48 0
-78 -66 0
-80 -68 0
-78 -86 0
-80 -88 0
-78 -10 0
-80 -12 0
-78 -30 0
-80 -32 0
-78 -50 0
-80 -52 0
-78 -70 0
-80 -72 0
-78 -90 0
-80 -92 0
-78 -14 0
-80 -16 0
-78 -34 0
-80 -36 0
-78 -54 0
-80 -56 0
-78 -74 0
-80 -76 0
-78 -94 0
-80 -96 0
-78 -18 0
-80 -20 0
-78 -38 0
-80 -40 0
-78 -58 0
-80 -60 0
-78 -98 0
-80 -100 0
-98 -2 0
-100 -4 0
-98 -22 0
-100 -24 0
-98 -42 0
-100 -44 0
-98 -62 0
-100 -64 0
-98 -82 0
-100 -84 0
-98 -6 0
-100 -8 0
-98 -26 0
-100 -28 0
-98 -46 0
-100 -48 0
-98 -66 0
-100 -68 0
-98 -86 0
-100 -88 0
-98 -10 0
-100 -12 0
-98 -30 0
-100 -32 0
-98 -50 0
-100 -52 0
-98 -70 0
-100 -72 0
-98 -90 0
-100 -92 0
-98 -14 0
-100 -16 0
-98 -34 0
-100 -36 0
-98 -54 0
-100 -56 0
-98 -74 0
-100 -76 0
-98 -94 0
-100 -96 0
-98 -18 0
-100 -20 0
-98 -38 0
-100 -40 0
-98 -58 0
-100 -60 0
-98 -78 0
-100 -80 0
