1 0
-3 0
-31 0
-33 0
-61 0
-63 0
-91 0
-93 0
-121 0
-123 0
-7 0
-9 0
-37 0
-39 0
-67 0
-69 0
-97 0
-99 0
-127 0
-129 0
-13 0
-15 0
-43 0
-45 0
-73 0
-75 0
-103 0
-105 0
-133 0
-135 0
-19 0
-21 0
-49 0
-51 0
-79 0
-81 0
-109 0
-111 0
-139 0
-141 0
-25 0
-27 0
-55 0
-57 0
-85 0
-87 0
-115 0
-117 0
-145 0
147 0
-4 0
6 0
-34 0
-36 0
-64 0
-66 0
-94 0
-96 0
-124 0
-126 0
-10 0
-12 0
-40 0
-42 0
-70 0
-72 0
-100 0
-102 0
-130 0
-132 0
-16 0
-18 0
-46 0
-48 0
-76 0
-78 0
-106 0
-108 0
-136 0
-138 0
-22 0
-24 0
-52 0
-54 0
-82 0
-84 0
-112 0
-114 0
-142 0
-144 0
-28 0
-30 0
-58 0
-60 0
-88 0
-90 0
-118 0
-120 0
148 0
-150 0
-2 1 7 31 0
-32 31 37 61 1 0
-62 61 67 91 31 0
-92 91 97 121 61 0
-122 121 127 91 0
-8 7 13 1 37 0
-38 37 43 31 67 7 0
-68 67 73 61 97 37 0
-98 97 103 91 127 67 0
-128 127 133 121 97 0
-14 13 19 7 43 0
-44 43 49 37 73 13 0
-74 73 79 67 103 43 0
-104 103 109 97 133 73 0
-134 133 139 127 103 0
-20 19 25 13 49 0
-50 49 55 43 79 19 0
-80 79 85 73 109 49 0
-110 109 115 103 139 79 0
-140 139 145 133 109 0
-26 25 19 55 0
-56 55 49 85 25 0
-86 85 79 115 55 0
-116 115 109 145 85 0
-146 145 139 115 0
-3 2 8 32 0
-33 32 38 62 2 0
-63 62 68 92 32 0
-93 92 98 122 62 0
-123 122 128 92 0
-9 8 14 2 38 0
-39 38 44 32 68 8 0
-69 68 74 62 98 38 0
-99 98 104 92 128 68 0
-129 128 134 122 98 0
-15 14 20 8 44 0
-45 44 50 38 74 14 0
-75 74 80 68 104 44 0
-105 104 110 98 134 74 0
-135 134 140 128 104 0
-21 20 26 14 50 0
-51 50 56 44 80 20 0
-81 80 86 74 110 50 0
-111 110 116 104 140 80 0
-141 140 146 134 110 0
-27 26 20 56 0
-57 56 50 86 26 0
-87 86 80 116 56 0
-117 116 110 146 86 0
-147 146 140 116 0
-5 4 10 34 0
-35 34 40 64 4 0
-65 64 70 94 34 0
-95 94 100 124 64 0
-125 124 130 94 0
-11 10 16 4 40 0
-41 40 46 34 70 10 0
-71 70 76 64 100 40 0
-101 100 106 94 130 70 0
-131 130 136 124 100 0
-17 16 22 10 46 0
-47 46 52 40 76 16 0
-77 76 82 70 106 46 0
-107 106 112 100 136 76 0
-137 136 142 130 106 0
-23 22 28 16 52 0
-53 52 58 46 82 22 0
-83 82 88 76 112 52 0
-113 112 118 106 142 82 0
-143 142 148 136 112 0
-29 28 22 58 0
-59 58 52 88 28 0
-89 88 82 118 58 0
-119 118 112 148 88 0
-149 148 142 118 0
-6 5 11 35 0
-36 35 41 65 5 0
-66 65 71 95 35 0
-96 95 101 125 65 0
-126 125 131 95 0
-12 11 17 5 41 0
-42 41 47 35 71 11 0
-72 71 77 65 101 41 0
-102 101 107 95 131 71 0
-132 131 137 125 101 0
-18 17 23 11 47 0
-48 47 53 41 77 17 0
-78 77 83 71 107 47 0
-108 107 113 101 137 77 0
-138 137 143 131 107 0
-24 23 29 17 53 0
-54 53 59 47 83 23 0
-84 83 89 77 113 53 0
-114 113 119 107 143 83 0
-144 143 149 137 113 0
-30 29 23 59 0
-60 59 53 89 29 0
-90 89 83 119 59 0
-120 119 113 149 89 0
-150 149 143 119 0
-13 0
-19 0
-67 0
-79 0
-127 0
-133 0
-14 0
-20 0
-68 0
-80 0
-128 0
-134 0
-15 0
-21 0
-69 0
-81 0
-129 0
-135 0
-16 0
-22 0
-70 0
-82 0
-130 0
-136 0
-17 0
-23 0
-71 0
-83 0
-131 0
-137 0
-18 0
-24 0
-72 0
-84 0
-132 0
-138 0
-1 -4 0
-1 -10 -8 -5 0
-4 -7 -11 -2 0
-1 -34 -32 -5 0
-4 -31 -35 -2 0
-31 -34 0
-31 -40 -38 -35 0
-34 -37 -41 -32 0
-31 -64 -62 -35 0
-34 -61 -65 -32 0
-61 -64 0
-61 -70 -68 -65 0
-64 -67 -71 -62 0
-61 -94 -92 -65 0
-64 -91 -95 -62 0
-91 -94 0
-91 -100 -98 -95 0
-94 -97 -101 -92 0
-91 -124 -122 -95 0
-94 -121 -125 -92 0
-121 -124 0
-121 -130 -128 -125 0
-124 -127 -131 -122 0
-7 -10 0
-7 -16 -14 -11 0
-10 -13 -17 -8 0
-7 -40 -38 -11 0
-10 -37 -41 -8 0
-37 -40 0
-37 -46 -44 -41 0
-40 -43 -47 -38 0
-37 -70 -68 -41 0
-40 -67 -71 -38 0
-67 -70 0
-67 -76 -74 -71 0
-70 -73 -77 -68 0
-67 -100 -98 -71 0
-70 -97 -101 -68 0
-97 -100 0
-97 -106 -104 -101 0
-100 -103 -107 -98 0
-97 -130 -128 -101 0
-100 -127 -131 -98 0
-127 -130 0
-127 -136 -134 -131 0
-130 -133 -137 -128 0
-13 -16 0
-13 -22 -20 -17 0
-16 -19 -23 -14 0
-13 -46 -44 -17 0
-16 -43 -47 -14 0
-43 -46 0
-43 -52 -50 -47 0
-46 -49 -53 -44 0
-43 -76 -74 -47 0
-46 -73 -77 -44 0
-73 -76 0
-73 -82 -80 -77 0
-76 -79 -83 -74 0
-73 -106 -104 -77 0
-76 -103 -107 -74 0
-103 -106 0
-103 -112 -110 -107 0
-106 -109 -113 -104 0
-103 -136 -134 -107 0
-106 -133 -137 -104 0
-133 -136 0
-133 -142 -140 -137 0
-136 -139 -143 -134 0
-19 -22 0
-19 -28 -26 -23 0
-22 -25 -29 -20 0
-19 -52 -50 -23 0
-22 -49 -53 -20 0
-49 -52 0
-49 -58 -56 -53 0
-52 -55 -59 -50 0
-49 -82 -80 -53 0
-52 -79 -83 -50 0
-79 -82 0
-79 -88 -86 -83 0
-82 -85 -89 -80 0
-79 -112 -110 -83 0
-82 -109 -113 -80 0
-109 -112 0
-109 -118 -116 -113 0
-112 -115 -119 -110 0
-109 -142 -140 -113 0
-112 -139 -143 -110 0
-139 -142 0
-139 -148 -146 -143 0
-142 -145 -149 -140 0
-25 -28 0
-25 -58 -56 -29 0
-28 -55 -59 -26 0
-55 -58 0
-55 -88 -86 -59 0
-58 -85 -89 -56 0
-85 -88 0
-85 -118 -116 -89 0
-88 -115 -119 -86 0
-115 -118 0
-115 -148 -146 -119 0
-118 -145 -149 -116 0
-145 -148 0
-2 -5 0
-2 -11 -9 -6 0
-5 -8 -12 -3 0
-2 -35 -33 -6 0
-5 -32 -36 -3 0
-32 -35 0
-32 -41 -39 -36 0
-35 -38 -42 -33 0
-32 -65 -63 -36 0
-35 -62 -66 -33 0
-62 -65 0
-62 -71 -69 -66 0
-65 -68 -72 -63 0
-62 -95 -93 -66 0
-65 -92 -96 -63 0
-92 -95 0
-92 -101 -99 -96 0
-95 -98 -102 -93 0
-92 -125 -123 -96 0
-95 -122 -126 -93 0
-122 -125 0
-122 -131 -129 -126 0
-125 -128 -132 -123 0
-8 -11 0
-8 -17 -15 -12 0
-11 -14 -18 -9 0
-8 -41 -39 -12 0
-11 -38 -42 -9 0
-38 -41 0
-38 -47 -45 -42 0
-41 -44 -48 -39 0
-38 -71 -69 -42 0
-41 -68 -72 -39 0
-68 -71 0
-68 -77 -75 -72 0
-71 -74 -78 -69 0
-68 -101 -99 -72 0
-71 -98 -102 -69 0
-98 -101 0
-98 -107 -105 -102 0
-101 -104 -108 -99 0
-98 -131 -129 -102 0
-101 -128 -132 -99 0
-128 -131 0
-128 -137 -135 -132 0
-131 -134 -138 -129 0
-14 -17 0
-14 -23 -21 -18 0
-17 -20 -24 -15 0
-14 -47 -45 -18 0
-17 -44 -48 -15 0
-44 -47 0
-44 -53 -51 -48 0
-47 -50 -54 -45 0
-44 -77 -75 -48 0
-47 -74 -78 -45 0
-74 -77 0
-74 -83 -81 -78 0
-77 -80 -84 -75 0
-74 -107 -105 -78 0
-77 -104 -108 -75 0
-104 -107 0
-104 -113 -111 -108 0
-107 -110 -114 -105 0
-104 -137 -135 -108 0
-107 -134 -138 -105 0
-134 -137 0
-134 -143 -141 -138 0
-137 -140 -144 -135 0
-20 -23 0
-20 -29 -27 -24 0
-23 -26 -30 -21 0
-20 -53 -51 -24 0
-23 -50 -54 -21 0
-50 -53 0
-50 -59 -57 -54 0
-53 -56 -60 -51 0
-50 -83 -81 -54 0
-53 -80 -84 -51 0
-80 -83 0
-80 -89 -87 -84 0
-83 -86 -90 -81 0
-80 -113 -111 -84 0
-83 -110 -114 -81 0
-110 -113 0
-110 -119 -117 -114 0
-113 -116 -120 -111 0
-110 -143 -141 -114 0
-113 -140 -144 -111 0
-140 -143 0
-140 -149 -147 -144 0
-143 -146 -150 -141 0
-26 -29 0
-26 -59 -57 -30 0
-29 -56 -60 -27 0
-56 -59 0
-56 -89 -87 -60 0
-59 -86 -90 -57 0
-86 -89 0
-86 -119 -117 -90 0
-89 -116 -120 -87 0
-116 -119 0
-116 -149 -147 -120 0
-119 -146 -150 -117 0
-146 -149 0
-3 -6 0
-3 -12 -10 -7 0
-6 -9 -13 -4 0
-3 -36 -34 -7 0
-6 -33 -37 -4 0
-33 -36 0
-33 -42 -40 -37 0
-36 -39 -43 -34 0
-33 -66 -64 -37 0
-36 -63 -67 -34 0
-63 -66 0
-63 -72 -70 -67 0
-66 -69 -73 -64 0
-63 -96 -94 -67 0
-66 -93 -97 -64 0
-93 -96 0
-93 -102 -100 -97 0
-96 -99 -103 -94 0
-93 -126 -124 -97 0
-96 -123 -127 -94 0
-123 -126 0
-123 -132 -130 -127 0
-126 -129 -133 -124 0
-9 -12 0
-9 -18 -16 -13 0
-12 -15 -19 -10 0
-9 -42 -40 -13 0
-12 -39 -43 -10 0
-39 -42 0
-39 -48 -46 -43 0
-42 -45 -49 -40 0
-39 -72 -70 -43 0
-42 -69 -73 -40 0
-69 -72 0
-69 -78 -76 -73 0
-72 -75 -79 -70 0
-69 -102 -100 -73 0
-72 -99 -103 -70 0
-99 -102 0
-99 -108 -106 -103 0
-102 -105 -109 -100 0
-99 -132 -130 -103 0
-102 -129 -133 -100 0
-129 -132 0
-129 -138 -136 -133 0
-132 -135 -139 -130 0
-15 -18 0
-15 -24 -22 -19 0
-18 -21 -25 -16 0
-15 -48 -46 -19 0
-18 -45 -49 -16 0
-45 -48 0
-45 -54 -52 -49 0
-48 -51 -55 -46 0
-45 -78 -76 -49 0
-48 -75 -79 -46 0
-75 -78 0
-75 -84 -82 -79 0
-78 -81 -85 -76 0
-75 -108 -106 -79 0
-78 -105 -109 -76 0
-105 -108 0
-105 -114 -112 -109 0
-108 -111 -115 -106 0
-105 -138 -136 -109 0
-108 -135 -139 -106 0
-135 -138 0
-135 -144 -142 -139 0
-138 -141 -145 -136 0
-21 -24 0
-21 -30 -28 -25 0
-24 -27 -31 -22 0
-21 -54 -52 -25 0
-24 -51 -55 -22 0
-51 -54 0
-51 -60 -58 -55 0
-54 -57 -61 -52 0
-51 -84 -82 -55 0
-54 -81 -85 -52 0
-81 -84 0
-81 -90 -88 -85 0
-84 -87 -91 -82 0
-81 -114 -112 -85 0
-84 -111 -115 -82 0
-111 -114 0
-111 -120 -118 -115 0
-114 -117 -121 -112 0
-111 -144 -142 -115 0
-114 -141 -145 -112 0
-141 -144 0
-141 -150 -148 -145 0
-144 -147 -151 -142 0
-27 -30 0
-27 -60 -58 -31 0
-30 -57 -61 -28 0
-57 -60 0
-57 -90 -88 -61 0
-60 -87 -91 -58 0
-87 -90 0
-87 -120 -118 -91 0
-90 -117 -121 -88 0
-117 -120 0
-117 -150 -148 -121 0
-120 -147 -151 -118 0
-147 -150 0
-1 -31 0
-4 -34 0
-1 -61 0
-4 -64 0
-1 -91 0
-4 -94 0
-1 -121 0
-4 -124 0
-1 -7 0
-4 -10 0
-1 -37 0
-4 -40 0
-1 -67 0
-4 -70 0
-1 -97 0
-4 -100 0
-1 -127 0
-4 -130 0
-1 -13 0
-4 -16 0
-1 -43 0
-4 -46 0
-1 -73 0
-4 -76 0
-1 -103 0
-4 -106 0
-1 -133 0
-4 -136 0
-1 -19 0
-4 -22 0
-1 -49 0
-4 -52 0
-1 -79 0
-4 -82 0
-1 -109 0
-4 -112 0
-1 -139 0
-4 -142 0
-1 -25 0
-4 -28 0
-1 -55 0
-4 -58 0
-1 -85 0
-4 -88 0
-1 -115 0
-4 -118 0
-1 -145 0
-4 -148 0
-31 -1 0
-34 -4 0
-31 -61 0
-34 -64 0
-31 -91 0
-34 -94 0
-31 -121 0
-34 -124 0
-31 -7 0
-34 -10 0
-31 -37 0
-34 -40 0
-31 -67 0
-34 -70 0
-31 -97 0
-34 -100 0
-31 -127 0
-34 -130 0
-31 -13 0
-34 -16 0
-31 -43 0
-34 -46 0
-31 -73 0
-34 -76 0
-31 -103 0
-34 -106 0
-31 -133 0
-34 -136 0
-31 -19 0
-34 -22 0
-31 -49 0
-34 -52 0
-31 -79 0
-34 -82 0
-31 -109 0
-34 -112 0
-31 -139 0
-34 -142 0
-31 -25 0
-34 -28 0
-31 -55 0
-34 -58 0
-31 -85 0
-34 -88 0
-31 -115 0
-34 -118 0
-31 -145 0
-34 -148 0
-61 -1 0
-64 -4 0
-61 -31 0
-64 -34 0
-61 -91 0
-64 -94 0
-61 -121 0
-64 -124 0
-61 -7 0
-64 -10 0
-61 -37 0
-64 -40 0
-61 -67 0
-64 -70 0
-61 -97 0
-64 -100 0
-61 -127 0
-64 -130 0
-61 -13 0
-64 -16 0
-61 -43 0
-64 -46 0
-61 -73 0
-64 -76 0
-61 -103 0
-64 -106 0
-61 -133 0
-64 -136 0
-61 -19 0
-64 -22 0
-61 -49 0
-64 -52 0
-61 -79 0
-64 -82 0
-61 -109 0
-64 -112 0
-61 -139 0
-64 -142 0
-61 -25 0
-64 -28 0
-61 -55 0
-64 -58 0
-61 -85 0
-64 -88 0
-61 -115 0
-64 -118 0
-61 -145 0
-64 -148 0
-91 -1 0
-94 -4 0
-91 -31 0
-94 -34 0
-91 -61 0
-94 -64 0
-91 -121 0
-94 -124 0
-91 -7 0
-94 -10 0
-91 -37 0
-94 -40 0
-91 -67 0
-94 -70 0
-91 -97 0
-94 -100 0
-91 -127 0
-94 -130 0
-91 -13 0
-94 -16 0
-91 -43 0
-94 -46 0
-91 -73 0
-94 -76 0
-91 -103 0
-94 -106 0
-91 -133 0
-94 -136 0
-91 -19 0
-94 -22 0
-91 -49 0
-94 -52 0
-91 -79 0
-94 -82 0
-91 -109 0
-94 -112 0
-91 -139 0
-94 -142 0
-91 -25 0
-94 -28 0
-91 -55 0
-94 -58 0
-91 -85 0
-94 -88 0
-91 -115 0
-94 -118 0
-91 -145 0
-94 -148 0
-121 -1 0
-124 -4 0
-121 -31 0
-124 -34 0
-121 -61 0
-124 -64 0
-121 -91 0
-124 -94 0
-121 -7 0
-124 -10 0
-121 -37 0
-124 -40 0
-121 -67 0
-124 -70 0
-121 -97 0
-124 -100 0
-121 -127 0
-124 -130 0
-121 -13 0
-124 -16 0
-121 -43 0
-124 -46 0
-121 -73 0
-124 -76 0
-121 -103 0
-124 -106 0
-121 -133 0
-124 -136 0
-121 -19 0
-124 -22 0
-121 -49 0
-124 -52 0
-121 -79 0
-124 -82 0
-121 -109 0
-124 -112 0
-121 -139 0
-124 -142 0
-121 -25 0
-124 -28 0
-121 -55 0
-124 -58 0
-121 -85 0
-124 -88 0
-121 -115 0
-124 -118 0
-121 -145 0
-124 -148 0
-7 -1 0
-10 -4 0
-7 -31 0
-10 -34 0
-7 -61 0
-10 -64 0
-7 -91 0
-10 -94 0
-7 -121 0
-10 -124 0
-7 -37 0
-10 -40 0
-7 -67 0
-10 -70 0
-7 -97 0
-10 -100 0
-7 -127 0
-10 -130 0
-7 -13 0
-10 -16 0
-7 -43 0
-10 -46 0
-7 -73 0
-10 -76 0
-7 -103 0
-10 -106 0
-7 -133 0
-10 -136 0
-7 -19 0
-10 -22 0
-7 -49 0
-10 -52 0
-7 -79 0
-10 -82 0
-7 -109 0
-10 -112 0
-7 -139 0
-10 -142 0
-7 -25 0
-10 -28 0
-7 -55 0
-10 -58 0
-7 -85 0
-10 -88 0
-7 -115 0
-10 -118 0
-7 -145 0
-10 -148 0
-37 -1 0
-40 -4 0
-37 -31 0
-40 -34 0
-37 -61 0
-40 -64 0
-37 -91 0
-40 -94 0
-37 -121 0
-40 -124 0
-37 -7 0
-40 -10 0
-37 -67 0
-40 -70 0
-37 -97 0
-40 -100 0
-37 -127 0
-40 -130 0
-37 -13 0
-40 -16 0
-37 -43 0
-40 -46 0
-37 -73 0
-40 -76 0
-37 -103 0
-40 -106 0
-37 -133 0
-40 -136 0
-37 -19 0
-40 -22 0
-37 -49 0
-40 -52 0
-37 -79 0
-40 -82 0
-37 -109 0
-40 -112 0
-37 -139 0
-40 -142 0
-37 -25 0
-40 -28 0
-37 -55 0
-40 -58 0
-37 -85 0
-40 -88 0
-37 -115 0
-40 -118 0
-37 -145 0
-40 -148 0
-67 -1 0
-70 -4 0
-67 -31 0
-70 -34 0
-67 -61 0
-70 -64 0
-67 -91 0
-70 -94 0
-67 -121 0
-70 -124 0
-67 -7 0
-70 -10 0
-67 -37 0
-70 -40 0
-67 -97 0
-70 -100 0
-67 -127 0
-70 -130 0
-67 -13 0
-70 -16 0
-67 -43 0
-70 -46 0
-67 -73 0
-70 -76 0
-67 -103 0
-70 -106 0
-67 -133 0
-70 -136 0
-67 -19 0
-70 -22 0
-67 -49 0
-70 -52 0
-67 -79 0
-70 -82 0
-67 -109 0
-70 -112 0
-67 -139 0
-70 -142 0
-67 -25 0
-70 -28 0
-67 -55 0
-70 -58 0
-67 -85 0
-70 -88 0
-67 -115 0
-70 -118 0
-67 -145 0
-70 -148 0
-97 -1 0
-100 -4 0
-97 -31 0
-100 -34 0
-97 -61 0
-100 -64 0
-97 -91 0
-100 -94 0
-97 -121 0
-100 -124 0
-97 -7 0
-100 -10 0
-97 -37 0
-100 -40 0
-97 -67 0
-100 -70 0
-97 -127 0
-100 -130 0
-97 -13 0
-100 -16 0
-97 -43 0
-100 -46 0
-97 -73 0
-100 -76 0
-97 -103 0
-100 -106 0
-97 -133 0
-100 -136 0
-97 -19 0
-100 -22 0
-97 -49 0
-100 -52 0
-97 -79 0
-100 -82 0
-97 -109 0
-100 -112 0
-97 -139 0
-100 -142 0
-97 -25 0
-100 -28 0
-97 -55 0
-100 -58 0
-97 -85 0
-100 -88 0
-97 -115 0
-100 -118 0
-97 -145 0
-100 -148 0
-127 -1 0
-130 -4 0
-127 -31 0
-130 -34 0
-127 -61 0
-130 -64 0
-127 -91 0
-130 -94 0
-127 -121 0
-130 -124 0
-127 -7 0
-130 -10 0
-127 -37 0
-130 -40 0
-127 -67 0
-130 -70 0
-127 -97 0
-130 -100 0
-127 -13 0
-130 -16 0
-127 -43 0
-130 -46 0
-127 -73 0
-130 -76 0
-127 -103 0
-130 -106 0
-127 -133 0
-130 -136 0
-127 -19 0
-130 -22 0
-127 -49 0
-130 -52 0
-127 -79 0
-130 -82 0
-127 -109 0
-130 -112 0
-127 -139 0
-130 -142 0
-127 -25 0
-130 -28 0
-127 -55 0
-130 -58 0
-127 -85 0
-130 -88 0
-127 -115 0
-130 -118 0
-127 -145 0
-130 -148 0
-13 -1 0
-16 -4 0
-13 -31 0
-16 -34 0
-13 -61 0
-16 -64 0
-13 -91 0
-16 -94 0
-13 -121 0
-16 -124 0
-13 -7 0
-16 -10 0
-13 -37 0
-16 -40 0
-13 -67 0
-16 -70 0
-13 -97 0
-16 -100 0
-13 -127 0
-16 -130 0
-13 -43 0
-16 -46 0
-13 -73 0
-16 -76 0
-13 -103 0
-16 -106 0
-13 -133 0
-16 -136 0
-13 -19 0
-16 -22 0
-13 -49 0
-16 -52 0
-13 -79 0
-16 -82 0
-13 -109 0
-16 -112 0
-13 -139 0
-16 -142 0
-13 -25 0
-16 -28 0
-13 -55 0
-16 -58 0
-13 -85 0
-16 -88 0
-13 -115 0
-16 -118 0
-13 -145 0
-16 -148 0
-43 -1 0
-46 -4 0
-43 -31 0
-46 -34 0
-43 -61 0
-46 -64 0
-43 -91 0
-46 -94 0
-43 -121 0
-46 -124 0
-43 -7 0
-46 -10 0
-43 -37 0
-46 -40 0
-43 -67 0
-46 -70 0
-43 -97 0
-46 -100 0
-43 -127 0
-46 -130 0
-43 -13 0
-46 -16 0
-43 -73 0
-46 -76 0
-43 -103 0
-46 -106 0
-43 -133 0
-46 -136 0
-43 -19 0
-46 -22 0
-43 -49 0
-46 -52 0
-43 -79 0
-46 -82 0
-43 -109 0
-46 -112 0
-43 -139 0
-46 -142 0
-43 -25 0
-46 -28 0
-43 -55 0
-46 -58 0
-43 -85 0
-46 -88 0
-43 -115 0
-46 -118 0
-43 -145 0
-46 -148 0
-73 -1 0
-76 -4 0
-73 -31 0
-76 -34 0
-73 -61 0
-76 -64 0
-73 -91 0
-76 -94 0
-73 -121 0
-76 -124 0
-73 -7 0
-76 -10 0
-73 -37 0
-76 -40 0
-73 -67 0
-76 -70 0
-73 -97 0
-76 -100 0
-73 -127 0
-76 -130 0
-73 -13 0
-76 -16 0
-73 -43 0
-76 -46 0
-73 -103 0
-76 -106 0
-73 -133 0
-76 -136 0
-73 -19 0
-76 -22 0
-73 -49 0
-76 -52 0
-73 -79 0
-76 -82 0
-73 -109 0
-76 -112 0
-73 -139 0
-76 -142 0
-73 -25 0
-76 -28 0
-73 -55 0
-76 -58 0
-73 -85 0
-76 -88 0
-73 -115 0
-76 -118 0
-73 -145 0
-76 -148 0
-103 -1 0
-106 -4 0
-103 -31 0
-106 -34 0
-103 -61 0
-106 -64 0
-103 -91 0
-106 -94 0
-103 -121 0
-106 -124 0
-103 -7 0
-106 -10 0
-103 -37 0
-106 -40 0
-103 -67 0
-106 -70 0
-103 -97 0
-106 -100 0
-103 -127 0
-106 -130 0
-103 -13 0
-106 -16 0
-103 -43 0
-106 -46 0
-103 -73 0
-106 -76 0
-103 -133 0
-106 -136 0
-103 -19 0
-106 -22 0
-103 -49 0
-106 -52 0
-103 -79 0
-106 -82 0
-103 -109 0
-106 -112 0
-103 -139 0
-106 -142 0
-103 -25 0
-106 -28 0
-103 -55 0
-106 -58 0
-103 -85 0
-106 -88 0
-103 -115 0
-106 -118 0
-103 -145 0
-106 -148 0
-133 -1 0
-136 -4 0
-133 -31 0
-136 -34 0
-133 -61 0
-136 -64 0
-133 -91 0
-136 -94 0
-133 -121 0
-136 -124 0
-133 -7 0
-136 -10 0
-133 -37 0
-136 -40 0
-133 -67 0
-136 -70 0
-133 -97 0
-136 -100 0
-133 -127 0
-136 -130 0
-133 -13 0
-136 -16 0
-133 -43 0
-136 -46 0
-133 -73 0
-136 -76 0
-133 -103 0
-136 -106 0
-133 -19 0
-136 -22 0
-133 -49 0
-136 -52 0
-133 -79 0
-136 -82 0
-133 -109 0
-136 -112 0
-133 -139 0
-136 -142 0
-133 -25 0
-136 -28 0
-133 -55 0
-136 -58 0
-133 -85 0
-136 -88 0
-133 -115 0
-136 -118 0
-133 -145 0
-136 -148 0
-19 -1 0
-22 -4 0
-19 -31 0
-22 -34 0
-19 -61 0
-22 -64 0
-19 -91 0
-22 -94 0
-19 -121 0
-22 -124 0
-19 -7 0
-22 -10 0
-19 -37 0
-22 -40 0
-19 -67 0
-22 -70 0
-19 -97 0
-22 -100 0
-19 -127 0
-22 -130 0
-19 -13 0
-22 -16 0
-19 -43 0
-22 -46 0
-19 -73 0
-22 -76 0
-19 -103 0
-22 -106 0
-19 -133 0
-22 -136 0
-19 -49 0
-22 -52 0
-19 -79 0
-22 -82 0
-19 -109 0
-22 -112 0
-19 -139 0
-22 -142 0
-19 -25 0
-22 -28 0
-19 -55 0
-22 -58 0
-19 -85 0
-22 -88 0
-19 -115 0
-22 -118 0
-19 -145 0
-22 -148 0
-49 -1 0
-52 -4 0
-49 -31 0
-52 -34 0
-49 -61 0
-52 -64 0
-49 -91 0
-52 -94 0
-49 -121 0
-52 -124 0
-49 -7 0
-52 -10 0
-49 -37 0
-52 -40 0
-49 -67 0
-52 -70 0
-49 -97 0
-52 -100 0
-49 -127 0
-52 -130 0
-49 -13 0
-52 -16 0
-49 -43 0
-52 -46 0
-49 -73 0
-52 -76 0
-49 -103 0
-52 -106 0
-49 -133 0
-52 -136 0
-49 -19 0
-52 -22 0
-49 -79 0
-52 -82 0
-49 -109 0
-52 -112 0
-49 -139 0
-52 -142 0
-49 -25 0
-52 -28 0
-49 -55 0
-52 -58 0
-49 -85 0
-52 -88 0
-49 -115 0
-52 -118 0
-49 -145 0
-52 -148 0
-79 -1 0
-82 -4 0
-79 -31 0
-82 -34 0
-79 -61 0
-82 -64 0
-79 -91 0
-82 -94 0
-79 -121 0
-82 -124 0
-79 -7 0
-82 -10 0
-79 -37 0
-82 -40 0
-79 -67 0
-82 -70 0
-79 -97 0
-82 -100 0
-79 -127 0
-82 -130 0
-79 -13 0
-82 -16 0
-79 -43 0
-82 -46 0
-79 -73 0
-82 -76 0
-79 -103 0
-82 -106 0
-79 -133 0
-82 -136 0
-79 -19 0
-82 -22 0
-79 -49 0
-82 -52 0
-79 -109 0
-82 -112 0
-79 -139 0
-82 -142 0
-79 -25 0
-82 -28 0
-79 -55 0
-82 -58 0
-79 -85 0
-82 -88 0
-79 -115 0
-82 -118 0
-79 -145 0
-82 -148 0
-109 -1 0
-112 -4 0
-109 -31 0
-112 -34 0
-109 -61 0
-112 -64 0
-109 -91 0
-112 -94 0
-109 -121 0
-112 -124 0
-109 -7 0
-112 -10 0
-109 -37 0
-112 -40 0
-109 -67 0
-112 -70 0
-109 -97 0
-112 -100 0
-109 -127 0
-112 -130 0
-109 -13 0
-112 -16 0
-109 -43 0
-112 -46 0
-109 -73 0
-112 -76 0
-109 -103 0
-112 -106 0
-109 -133 0
-112 -136 0
-109 -19 0
-112 -22 0
-109 -49 0
-112 -52 0
-109 -79 0
-112 -82 0
-109 -139 0
-112 -142 0
-109 -25 0
-112 -28 0
-109 -55 0
-112 -58 0
-109 -85 0
-112 -88 0
-109 -115 0
-112 -118 0
-109 -145 0
-112 -148 0
-139 -1 0
-142 -4 0
-139 -31 0
-142 -34 0
-139 -61 0
-142 -64 0
-139 -91 0
-142 -94 0
-139 -121 0
-142 -124 0
-139 -7 0
-142 -10 0
-139 -37 0
-142 -40 0
-139 -67 0
-142 -70 0
-139 -97 0
-142 -100 0
-139 -127 0
-142 -130 0
-139 -13 0
-142 -16 0
-139 -43 0
-142 -46 0
-139 -73 0
-142 -76 0
-139 -103 0
-142 -106 0
-139 -133 0
-142 -136 0
-139 -19 0
-142 -22 0
-139 -49 0
-142 -52 0
-139 -79 0
-142 -82 0
-139 -109 0
-142 -112 0
-139 -25 0
-142 -28 0
-139 -55 0
-142 -58 0
-139 -85 0
-142 -88 0
-139 -115 0
-142 -118 0
-139 -145 0
-142 -148 0
-25 -1 0
-28 -4 0
-25 -31 0
-28 -34 0
-25 -61 0
-28 -64 0
-25 -91 0
-28 -94 0
-25 -121 0
-28 -124 0
-25 -7 0
-28 -10 0
-25 -37 0
-28 -40 0
-25 -67 0
-28 -70 0
-25 -97 0
-28 -100 0
-25 -127 0
-28 -130 0
-25 -13 0
-28 -16 0
-25 -43 0
-28 -46 0
-25 -73 0
-28 -76 0
-25 -103 0
-28 -106 0
-25 -133 0
-28 -136 0
-25 -19 0
-28 -22 0
-25 -49 0
-28 -52 0
-25 -79 0
-28 -82 0
-25 -109 0
-28 -112 0
-25 -139 0
-28 -142 0
-25 -55 0
-28 -58 0
-25 -85 0
-28 -88 0
-25 -115 0
-28 -118 0
-25 -145 0
-28 -148 0
-55 -1 0
-58 -4 0
-55 -31 0
-58 -34 0
-55 -61 0
-58 -64 0
-55 -91 0
-58 -94 0
-55 -121 0
-58 -124 0
-55 -7 0
-58 -10 0
-55 -37 0
-58 -40 0
-55 -67 0
-58 -70 0
-55 -97 0
-58 -100 0
-55 -127 0
-58 -130 0
-55 -13 0
-58 -16 0
-55 -43 0
-58 -46 0
-55 -73 0
-58 -76 0
-55 -103 0
-58 -106 0
-55 -133 0
-58 -136 0
-55 -19 0
-58 -22 0
-55 -49 0
-58 -52 0
-55 -79 0
-58 -82 0
-55 -109 0
-58 -112 0
-55 -139 0
-58 -142 0
-55 -25 0
-58 -28 0
-55 -85 0
-58 -88 0
-55 -115 0
-58 -118 0
-55 -145 0
-58 -148 0
-85 -1 0
-88 -4 0
-85 -31 0
-88 -34 0
-85 -61 0
-88 -64 0
-85 -91 0
-88 -94 0
-85 -121 0
-88 -124 0
-85 -7 0
-88 -10 0
-85 -37 0
-88 -40 0
-85 -67 0
-88 -70 0
-85 -97 0
-88 -100 0
-85 -127 0
-88 -130 0
-85 -13 0
-88 -16 0
-85 -43 0
-88 -46 0
-85 -73 0
-88 -76 0
-85 -103 0
-88 -106 0
-85 -133 0
-88 -136 0
-85 -19 0
-88 -22 0
-85 -49 0
-88 -52 0
-85 -79 0
-88 -82 0
-85 -109 0
-88 -112 0
-85 -139 0
-88 -142 0
-85 -25 0
-88 -28 0
-85 -55 0
-88 -58 0
-85 -115 0
-88 -118 0
-85 -145 0
-88 -148 0
-115 -1 0
-118 -4 0
-115 -31 0
-118 -34 0
-115 -61 0
-118 -64 0
-115 -91 0
-118 -94 0
-115 -121 0
-118 -124 0
-115 -7 0
-118 -10 0
-115 -37 0
-118 -40 0
-115 -67 0
-118 -70 0
-115 -97 0
-118 -100 0
-115 -127 0
-118 -130 0
-115 -13 0
-118 -16 0
-115 -43 0
-118 -46 0
-115 -73 0
-118 -76 0
-115 -103 0
-118 -106 0
-115 -133 0
-118 -136 0
-115 -19 0
-118 -22 0
-115 -49 0
-118 -52 0
-115 -79 0
-118 -82 0
-115 -109 0
-118 -112 0
-115 -139 0
-118 -142 0
-115 -25 0
-118 -28 0
-115 -55 0
-118 -58 0
-115 -85 0
-118 -88 0
-115 -145 0
-118 -148 0
-145 -1 0
-148 -4 0
-145 -31 0
-148 -34 0
-145 -61 0
-148 -64 0
-145 -91 0
-148 -94 0
-145 -121 0
-148 -124 0
-145 -7 0
-148 -10 0
-145 -37 0
-148 -40 0
-145 -67 0
-148 -70 0
-145 -97 0
-148 -100 0
-145 -127 0
-148 -130 0
-145 -13 0
-148 -16 0
-145 -43 0
-148 -46 0
-145 -73 0
-148 -76 0
-145 -103 0
-148 -106 0
-145 -133 0
-148 -136 0
-145 -19 0
-148 -22 0
-145 -49 0
-148 -52 0
-145 -79 0
-148 -82 0
-145 -109 0
-148 -112 0
-145 -139 0
-148 -142 0
-145 -25 0
-148 -28 0
-145 -55 0
-148 -58 0
-145 -85 0
-148 -88 0
-145 -115 0
-148 -118 0
-2 -32 0
-5 -35 0
-2 -62 0
-5 -65 0
-2 -92 0
-5 -95 0
-2 -122 0
-5 -125 0
-2 -8 0
-5 -11 0
-2 -38 0
-5 -41 0
-2 -68 0
-5 -71 0
-2 -98 0
-5 -101 0
-2 -128 0
-5 -131 0
-2 -14 0
-5 -17 0
-2 -44 0
-5 -47 0
-2 -74 0
-5 -77 0
-2 -104 0
-5 -107 0
-2 -134 0
-5 -137 0
-2 -20 0
-5 -23 0
-2 -50 0
-5 -53 0
-2 -80 0
-5 -83 0
-2 -110 0
-5 -113 0
-2 -140 0
-5 -143 0
-2 -26 0
-5 -29 0
-2 -56 0
-5 -59 0
-2 -86 0
-5 -89 0
-2 -116 0
-5 -119 0
-2 -146 0
-5 -149 0
-32 -2 0
-35 -5 0
-32 -62 0
-35 -65 0
-32 -92 0
-35 -95 0
-32 -122 0
-35 -125 0
-32 -8 0
-35 -11 0
-32 -38 0
-35 -41 0
-32 -68 0
-35 -71 0
-32 -98 0
-35 -101 0
-32 -128 0
-35 -131 0
-32 -14 0
-35 -17 0
-32 -44 0
-35 -47 0
-32 -74 0
-35 -77 0
-32 -104 0
-35 -107 0
-32 -134 0
-35 -137 0
-32 -20 0
-35 -23 0
-32 -50 0
-35 -53 0
-32 -80 0
-35 -83 0
-32 -110 0
-35 -113 0
-32 -140 0
-35 -143 0
-32 -26 0
-35 -29 0
-32 -56 0
-35 -59 0
-32 -86 0
-35 -89 0
-32 -116 0
-35 -119 0
-32 -146 0
-35 -149 0
-62 -2 0
-65 -5 0
-62 -32 0
-65 -35 0
-62 -92 0
-65 -95 0
-62 -122 0
-65 -125 0
-62 -8 0
-65 -11 0
-62 -38 0
-65 -41 0
-62 -68 0
-65 -71 0
-62 -98 0
-65 -101 0
-62 -128 0
-65 -131 0
-62 -14 0
-65 -17 0
-62 -44 0
-65 -47 0
-62 -74 0
-65 -77 0
-62 -104 0
-65 -107 0
-62 -134 0
-65 -137 0
-62 -20 0
-65 -23 0
-62 -50 0
-65 -53 0
-62 -80 0
-65 -83 0
-62 -110 0
-65 -113 0
-62 -140 0
-65 -143 0
-62 -26 0
-65 -29 0
-62 -56 0
-65 -59 0
-62 -86 0
-65 -89 0
-62 -116 0
-65 -119 0
-62 -146 0
-65 -149 0
-92 -2 0
-95 -5 0
-92 -32 0
-95 -35 0
-92 -62 0
-95 -65 0
-92 -122 0
-95 -125 0
-92 -8 0
-95 -11 0
-92 -38 0
-95 -41 0
-92 -68 0
-95 -71 0
-92 -98 0
-95 -101 0
-92 -128 0
-95 -131 0
-92 -14 0
-95 -17 0
-92 -44 0
-95 -47 0
-92 -74 0
-95 -77 0
-92 -104 0
-95 -107 0
-92 -134 0
-95 -137 0
-92 -20 0
-95 -23 0
-92 -50 0
-95 -53 0
-92 -80 0
-95 -83 0
-92 -110 0
-95 -113 0
-92 -140 0
-95 -143 0
-92 -26 0
-95 -29 0
-92 -56 0
-95 -59 0
-92 -86 0
-95 -89 0
-92 -116 0
-95 -119 0
-92 -146 0
-95 -149 0
-122 -2 0
-125 -5 0
-122 -32 0
-125 -35 0
-122 -62 0
-125 -65 0
-122 -92 0
-125 -95 0
-122 -8 0
-125 -11 0
-122 -38 0
-125 -41 0
-122 -68 0
-125 -71 0
-122 -98 0
-125 -101 0
-122 -128 0
-125 -131 0
-122 -14 0
-125 -17 0
-122 -44 0
-125 -47 0
-122 -74 0
-125 -77 0
-122 -104 0
-125 -107 0
-122 -134 0
-125 -137 0
-122 -20 0
-125 -23 0
-122 -50 0
-125 -53 0
-122 -80 0
-125 -83 0
-122 -110 0
-125 -113 0
-122 -140 0
-125 -143 0
-122 -26 0
-125 -29 0
-122 -56 0
-125 -59 0
-122 -86 0
-125 -89 0
-122 -116 0
-125 -119 0
-122 -146 0
-125 -149 0
-8 -2 0
-11 -5 0
-8 -32 0
-11 -35 0
-8 -62 0
-11 -65 0
-8 -92 0
-11 -95 0
-8 -122 0
-11 -125 0
-8 -38 0
-11 -41 0
-8 -68 0
-11 -71 0
-8 -98 0
-11 -101 0
-8 -128 0
-11 -131 0
-8 -14 0
-11 -17 0
-8 -44 0
-11 -47 0
-8 -74 0
-11 -77 0
-8 -104 0
-11 -107 0
-8 -134 0
-11 -137 0
-8 -20 0
-11 -23 0
-8 -50 0
-11 -53 0
-8 -80 0
-11 -83 0
-8 -110 0
-11 -113 0
-8 -140 0
-11 -143 0
-8 -26 0
-11 -29 0
-8 -56 0
-11 -59 0
-8 -86 0
-11 -89 0
-8 -116 0
-11 -119 0
-8 -146 0
-11 -149 0
-38 -2 0
-41 -5 0
-38 -32 0
-41 -35 0
-38 -62 0
-41 -65 0
-38 -92 0
-41 -95 0
-38 -122 0
-41 -125 0
-38 -8 0
-41 -11 0
-38 -68 0
-41 -71 0
-38 -98 0
-41 -101 0
-38 -128 0
-41 -131 0
-38 -14 0
-41 -17 0
-38 -44 0
-41 -47 0
-38 -74 0
-41 -77 0
-38 -104 0
-41 -107 0
-38 -134 0
-41 -137 0
-38 -20 0
-41 -23 0
-38 -50 0
-41 -53 0
-38 -80 0
-41 -83 0
-38 -110 0
-41 -113 0
-38 -140 0
-41 -143 0
-38 -26 0
-41 -29 0
-38 -56 0
-41 -59 0
-38 -86 0
-41 -89 0
-38 -116 0
-41 -119 0
-38 -146 0
-41 -149 0
-68 -2 0
-71 -5 0
-68 -32 0
-71 -35 0
-68 -62 0
-71 -65 0
-68 -92 0
-71 -95 0
-68 -122 0
-71 -125 0
-68 -8 0
-71 -11 0
-68 -38 0
-71 -41 0
-68 -98 0
-71 -101 0
-68 -128 0
-71 -131 0
-68 -14 0
-71 -17 0
-68 -44 0
-71 -47 0
-68 -74 0
-71 -77 0
-68 -104 0
-71 -107 0
-68 -134 0
-71 -137 0
-68 -20 0
-71 -23 0
-68 -50 0
-71 -53 0
-68 -80 0
-71 -83 0
-68 -110 0
-71 -113 0
-68 -140 0
-71 -143 0
-68 -26 0
-71 -29 0
-68 -56 0
-71 -59 0
-68 -86 0
-71 -89 0
-68 -116 0
-71 -119 0
-68 -146 0
-71 -149 0
-98 -2 0
-101 -5 0
-98 -32 0
-101 -35 0
-98 -62 0
-101 -65 0
-98 -92 0
-101 -95 0
-98 -122 0
-101 -125 0
-98 -8 0
-101 -11 0
-98 -38 0
-101 -41 0
-98 -68 0
-101 -71 0
-98 -128 0
-101 -131 0
-98 -14 0
-101 -17 0
-98 -44 0
-101 -47 0
-98 -74 0
-101 -77 0
-98 -104 0
-101 -107 0
-98 -134 0
-101 -137 0
-98 -20 0
-101 -23 0
-98 -50 0
-101 -53 0
-98 -80 0
-101 -83 0
-98 -110 0
-101 -113 0
-98 -140 0
-101 -143 0
-98 -26 0
-101 -29 0
-98 -56 0
-101 -59 0
-98 -86 0
-101 -89 0
-98 -116 0
-101 -119 0
-98 -146 0
-101 -149 0
-128 -2 0
-131 -5 0
-128 -32 0
-131 -35 0
-128 -62 0
-131 -65 0
-128 -92 0
-131 -95 0
-128 -122 0
-131 -125 0
-128 -8 0
-131 -11 0
-128 -38 0
-131 -41 0
-128 -68 0
-131 -71 0
-128 -98 0
-131 -101 0
-128 -14 0
-131 -17 0
-128 -44 0
-131 -47 0
-128 -74 0
-131 -77 0
-128 -104 0
-131 -107 0
-128 -134 0
-131 -137 0
-128 -20 0
-131 -23 0
-128 -50 0
-131 -53 0
-128 -80 0
-131 -83 0
-128 -110 0
-131 -113 0
-128 -140 0
-131 -143 0
-128 -26 0
-131 -29 0
-128 -56 0
-131 -59 0
-128 -86 0
-131 -89 0
-128 -116 0
-131 -119 0
-128 -146 0
-131 -149 0
-14 -2 0
-17 -5 0
-14 -32 0
-17 -35 0
-14 -62 0
-17 -65 0
-14 -92 0
-17 -95 0
-14 -122 0
-17 -125 0
-14 -8 0
-17 -11 0
-14 -38 0
-17 -41 0
-14 -68 0
-17 -71 0
-14 -98 0
-17 -101 0
-14 -128 0
-17 -131 0
-14 -44 0
-17 -47 0
-14 -74 0
-17 -77 0
-14 -104 0
-17 -107 0
-14 -134 0
-17 -137 0
-14 -20 0
-17 -23 0
-14 -50 0
-17 -53 0
-14 -80 0
-17 -83 0
-14 -110 0
-17 -113 0
-14 -140 0
-17 -143 0
-14 -26 0
-17 -29 0
-14 -56 0
-17 -59 0
-14 -86 0
-17 -89 0
-14 -116 0
-17 -119 0
-14 -146 0
-17 -149 0
-44 -2 0
-47 -5 0
-44 -32 0
-47 -35 0
-44 -62 0
-47 -65 0
-44 -92 0
-47 -95 0
-44 -122 0
-47 -125 0
-44 -8 0
-47 -11 0
-44 -38 0
-47 -41 0
-44 -68 0
-47 -71 0
-44 -98 0
-47 -101 0
-44 -128 0
-47 -131 0
-44 -14 0
-47 -17 0
-44 -74 0
-47 -77 0
-44 -104 0
-47 -107 0
-44 -134 0
-47 -137 0
-44 -20 0
-47 -23 0
-44 -50 0
-47 -53 0
-44 -80 0
-47 -83 0
-44 -110 0
-47 -113 0
-44 -140 0
-47 -143 0
-44 -26 0
-47 -29 0
-44 -56 0
-47 -59 0
-44 -86 0
-47 -89 0
-44 -116 0
-47 -119 0
-44 -146 0
-47 -149 0
-74 -2 0
-77 -5 0
-74 -32 0
-77 -35 0
-74 -62 0
-77 -65 0
-74 -92 0
-77 -95 0
-74 -122 0
-77 -125 0
-74 -8 0
-77 -11 0
-74 -38 0
-77 -41 0
-74 -68 0
-77 -71 0
-74 -98 0
-77 -101 0
-74 -128 0
-77 -131 0
-74 -14 0
-77 -17 0
-74 -44 0
-77 -47 0
-74 -104 0
-77 -107 0
-74 -134 0
-77 -137 0
-74 -20 0
-77 -23 0
-74 -50 0
-77 -53 0
-74 -80 0
-77 -83 0
-74 -110 0
-77 -113 0
-74 -140 0
-77 -143 0
-74 -26 0
-77 -29 0
-74 -56 0
-77 -59 0
-74 -86 0
-77 -89 0
-74 -116 0
-77 -119 0
-74 -146 0
-77 -149 0
-104 -2 0
-107 -5 0
-104 -32 0
-107 -35 0
-104 -62 0
-107 -65 0
-104 -92 0
-107 -95 0
-104 -122 0
-107 -125 0
-104 -8 0
-107 -11 0
-104 -38 0
-107 -41 0
-104 -68 0
-107 -71 0
-104 -98 0
-107 -101 0
-104 -128 0
-107 -131 0
-104 -14 0
-107 -17 0
-104 -44 0
-107 -47 0
-104 -74 0
-107 -77 0
-104 -134 0
-107 -137 0
-104 -20 0
-107 -23 0
-104 -50 0
-107 -53 0
-104 -80 0
-107 -83 0
-104 -110 0
-107 -113 0
-104 -140 0
-107 -143 0
-104 -26 0
-107 -29 0
-104 -56 0
-107 -59 0
-104 -86 0
-107 -89 0
-104 -116 0
-107 -119 0
-104 -146 0
-107 -149 0
-134 -2 0
-137 -5 0
-134 -32 0
-137 -35 0
-134 -62 0
-137 -65 0
-134 -92 0
-137 -95 0
-134 -122 0
-137 -125 0
-134 -8 0
-137 -11 0
-134 -38 0
-137 -41 0
-134 -68 0
-137 -71 0
-134 -98 0
-137 -101 0
-134 -128 0
-137 -131 0
-134 -14 0
-137 -17 0
-134 -44 0
-137 -47 0
-134 -74 0
-137 -77 0
-134 -104 0
-137 -107 0
-134 -20 0
-137 -23 0
-134 -50 0
-137 -53 0
-134 -80 0
-137 -83 0
-134 -110 0
-137 -113 0
-134 -140 0
-137 -143 0
-134 -26 0
-137 -29 0
-134 -56 0
-137 -59 0
-134 -86 0
-137 -89 0
-134 -116 0
-137 -119 0
-134 -146 0
-137 -149 0
-20 -2 0
-23 -5 0
-20 -32 0
-23 -35 0
-20 -62 0
-23 -65 0
-20 -92 0
-23 -95 0
-20 -122 0
-23 -125 0
-20 -8 0
-23 -11 0
-20 -38 0
-23 -41 0
-20 -68 0
-23 -71 0
-20 -98 0
-23 -101 0
-20 -128 0
-23 -131 0
-20 -14 0
-23 -17 0
-20 -44 0
-23 -47 0
-20 -74 0
-23 -77 0
-20 -104 0
-23 -107 0
-20 -134 0
-23 -137 0
-20 -50 0
-23 -53 0
-20 -80 0
-23 -83 0
-20 -110 0
-23 -113 0
-20 -140 0
-23 -143 0
-20 -26 0
-23 -29 0
-20 -56 0
-23 -59 0
-20 -86 0
-23 -89 0
-20 -116 0
-23 -119 0
-20 -146 0
-23 -149 0
-50 -2 0
-53 -5 0
-50 -32 0
-53 -35 0
-50 -62 0
-53 -65 0
-50 -92 0
-53 -95 0
-50 -122 0
-53 -125 0
-50 -8 0
-53 -11 0
-50 -38 0
-53 -41 0
-50 -68 0
-53 -71 0
-50 -98 0
-53 -101 0
-50 -128 0
-53 -131 0
-50 -14 0
-53 -17 0
-50 -44 0
-53 -47 0
-50 -74 0
-53 -77 0
-50 -104 0
-53 -107 0
-50 -134 0
-53 -137 0
-50 -20 0
-53 -23 0
-50 -80 0
-53 -83 0
-50 -110 0
-53 -113 0
-50 -140 0
-53 -143 0
-50 -26 0
-53 -29 0
-50 -56 0
-53 -59 0
-50 -86 0
-53 -89 0
-50 -116 0
-53 -119 0
-50 -146 0
-53 -149 0
-80 -2 0
-83 -5 0
-80 -32 0
-83 -35 0
-80 -62 0
-83 -65 0
-80 -92 0
-83 -95 0
-80 -122 0
-83 -125 0
-80 -8 0
-83 -11 0
-80 -38 0
-83 -41 0
-80 -68 0
-83 -71 0
-80 -98 0
-83 -101 0
-80 -128 0
-83 -131 0
-80 -14 0
-83 -17 0
-80 -44 0
-83 -47 0
-80 -74 0
-83 -77 0
-80 -104 0
-83 -107 0
-80 -134 0
-83 -137 0
-80 -20 0
-83 -23 0
-80 -50 0
-83 -53 0
-80 -110 0
-83 -113 0
-80 -140 0
-83 -143 0
-80 -26 0
-83 -29 0
-80 -56 0
-83 -59 0
-80 -86 0
-83 -89 0
-80 -116 0
-83 -119 0
-80 -146 0
-83 -149 0
-110 -2 0
-113 -5 0
-110 -32 0
-113 -35 0
-110 -62 0
-113 -65 0
-110 -92 0
-113 -95 0
-110 -122 0
-113 -125 0
-110 -8 0
-113 -11 0
-110 -38 0
-113 -41 0
-110 -68 0
-113 -71 0
-110 -98 0
-113 -101 0
-110 -128 0
-113 -131 0
-110 -14 0
-113 -17 0
-110 -44 0
-113 -47 0
-110 -74 0
-113 -77 0
-110 -104 0
-113 -107 0
-110 -134 0
-113 -137 0
-110 -20 0
-113 -23 0
-110 -50 0
-113 -53 0
-110 -80 0
-113 -83 0
-110 -140 0
-113 -143 0
-110 -26 0
-113 -29 0
-110 -56 0
-113 -59 0
-110 -86 0
-113 -89 0
-110 -116 0
-113 -119 0
-110 -146 0
-113 -149 0
-140 -2 0
-143 -5 0
-140 -32 0
-143 -35 0
-140 -62 0
-143 -65 0
-140 -92 0
-143 -95 0
-140 -122 0
-143 -125 0
-140 -8 0
-143 -11 0
-140 -38 0
-143 -41 0
-140 -68 0
-143 -71 0
-140 -98 0
-143 -101 0
-140 -128 0
-143 -131 0
-140 -14 0
-143 -17 0
-140 -44 0
-143 -47 0
-140 -74 0
-143 -77 0
-140 -104 0
-143 -107 0
-140 -134 0
-143 -137 0
-140 -20 0
-143 -23 0
-140 -50 0
-143 -53 0
-140 -80 0
-143 -83 0
-140 -110 0
-143 -113 0
-140 -26 0
-143 -29 0
-140 -56 0
-143 -59 0
-140 -86 0
-143 -89 0
-140 -116 0
-143 -119 0
-140 -146 0
-143 -149 0
-26 -2 0
-29 -5 0
-26 -32 0
-29 -35 0
-26 -62 0
-29 -65 0
-26 -92 0
-29 -95 0
-26 -122 0
-29 -125 0
-26 -8 0
-29 -11 0
-26 -38 0
-29 -41 0
-26 -68 0
-29 -71 0
-26 -98 0
-29 -101 0
-26 -128 0
-29 -131 0
-26 -14 0
-29 -17 0
-26 -44 0
-29 -47 0
-26 -74 0
-29 -77 0
-26 -104 0
-29 -107 0
-26 -134 0
-29 -137 0
-26 -20 0
-29 -23 0
-26 -50 0
-29 -53 0
-26 -80 0
-29 -83 0
-26 -110 0
-29 -113 0
-26 -140 0
-29 -143 0
-26 -56 0
-29 -59 0
-26 -86 0
-29 -89 0
-26 -116 0
-29 -119 0
-26 -146 0
-29 -149 0
-56 -2 0
-59 -5 0
-56 -32 0
-59 -35 0
-56 -62 0
-59 -65 0
-56 -92 0
-59 -95 0
-56 -122 0
-59 -125 0
-56 -8 0
-59 -11 0
-56 -38 0
-59 -41 0
-56 -68 0
-59 -71 0
-56 -98 0
-59 -101 0
-56 -128 0
-59 -131 0
-56 -14 0
-59 -17 0
-56 -44 0
-59 -47 0
-56 -74 0
-59 -77 0
-56 -104 0
-59 -107 0
-56 -134 0
-59 -137 0
-56 -20 0
-59 -23 0
-56 -50 0
-59 -53 0
-56 -80 0
-59 -83 0
-56 -110 0
-59 -113 0
-56 -140 0
-59 -143 0
-56 -26 0
-59 -29 0
-56 -86 0
-59 -89 0
-56 -116 0
-59 -119 0
-56 -146 0
-59 -149 0
-86 -2 0
-89 -5 0
-86 -32 0
-89 -35 0
-86 -62 0
-89 -65 0
-86 -92 0
-89 -95 0
-86 -122 0
-89 -125 0
-86 -8 0
-89 -11 0
-86 -38 0
-89 -41 0
-86 -68 0
-89 -71 0
-86 -98 0
-89 -101 0
-86 -128 0
-89 -131 0
-86 -14 0
-89 -17 0
-86 -44 0
-89 -47 0
-86 -74 0
-89 -77 0
-86 -104 0
-89 -107 0
-86 -134 0
-89 -137 0
-86 -20 0
-89 -23 0
-86 -50 0
-89 -53 0
-86 -80 0
-89 -83 0
-86 -110 0
-89 -113 0
-86 -140 0
-89 -143 0
-86 -26 0
-89 -29 0
-86 -56 0
-89 -59 0
-86 -116 0
-89 -119 0
-86 -146 0
-89 -149 0
-116 -2 0
-119 -5 0
-116 -32 0
-119 -35 0
-116 -62 0
-119 -65 0
-116 -92 0
-119 -95 0
-116 -122 0
-119 -125 0
-116 -8 0
-119 -11 0
-116 -38 0
-119 -41 0
-116 -68 0
-119 -71 0
-116 -98 0
-119 -101 0
-116 -128 0
-119 -131 0
-116 -14 0
-119 -17 0
-116 -44 0
-119 -47 0
-116 -74 0
-119 -77 0
-116 -104 0
-119 -107 0
-116 -134 0
-119 -137 0
-116 -20 0
-119 -23 0
-116 -50 0
-119 -53 0
-116 -80 0
-119 -83 0
-116 -110 0
-119 -113 0
-116 -140 0
-119 -143 0
-116 -26 0
-119 -29 0
-116 -56 0
-119 -59 0
-116 -86 0
-119 -89 0
-116 -146 0
-119 -149 0
-146 -2 0
-149 -5 0
-146 -32 0
-149 -35 0
-146 -62 0
-149 -65 0
-146 -92 0
-149 -95 0
-146 -122 0
-149 -125 0
-146 -8 0
-149 -11 0
-146 -38 0
-149 -41 0
-146 -68 0
-149 -71 0
-146 -98 0
-149 -101 0
-146 -128 0
-149 -131 0
-146 -14 0
-149 -17 0
-146 -44 0
-149 -47 0
-146 -74 0
-149 -77 0
-146 -104 0
-149 -107 0
-146 -134 0
-149 -137 0
-146 -20 0
-149 -23 0
-146 -50 0
-149 -53 0
-146 -80 0
-149 -83 0
-146 -110 0
-149 -113 0
-146 -140 0
-149 -143 0
-146 -26 0
-149 -29 0
-146 -56 0
-149 -59 0
-146 -86 0
-149 -89 0
-146 -116 0
-149 -119 0
-3 -33 0
-6 -36 0
-3 -63 0
-6 -66 0
-3 -93 0
-6 -96 0
-3 -123 0
-6 -126 0
-3 -9 0
-6 -12 0
-3 -39 0
-6 -42 0
-3 -69 0
-6 -72 0
-3 -99 0
-6 -102 0
-3 -129 0
-6 -132 0
-3 -15 0
-6 -18 0
-3 -45 0
-6 -48 0
-3 -75 0
-6 -78 0
-3 -105 0
-6 -108 0
-3 -135 0
-6 -138 0
-3 -21 0
-6 -24 0
-3 -51 0
-6 -54 0
-3 -81 0
-6 -84 0
-3 -111 0
-6 -114 0
-3 -141 0
-6 -144 0
-3 -27 0
-6 -30 0
-3 -57 0
-6 -60 0
-3 -87 0
-6 -90 0
-3 -117 0
-6 -120 0
-3 -147 0
-6 -150 0
-33 -3 0
-36 -6 0
-33 -63 0
-36 -66 0
-33 -93 0
-36 -96 0
-33 -123 0
-36 -126 0
-33 -9 0
-36 -12 0
-33 -39 0
-36 -42 0
-33 -69 0
-36 -72 0
-33 -99 0
-36 -102 0
-33 -129 0
-36 -132 0
-33 -15 0
-36 -18 0
-33 -45 0
-36 -48 0
-33 -75 0
-36 -78 0
-33 -105 0
-36 -108 0
-33 -135 0
-36 -138 0
-33 -21 0
-36 -24 0
-33 -51 0
-36 -54 0
-33 -81 0
-36 -84 0
-33 -111 0
-36 -114 0
-33 -141 0
-36 -144 0
-33 -27 0
-36 -30 0
-33 -57 0
-36 -60 0
-33 -87 0
-36 -90 0
-33 -117 0
-36 -120 0
-33 -147 0
-36 -150 0
-63 -3 0
-66 -6 0
-63 -33 0
-66 -36 0
-63 -93 0
-66 -96 0
-63 -123 0
-66 -126 0
-63 -9 0
-66 -12 0
-63 -39 0
-66 -42 0
-63 -69 0
-66 -72 0
-63 -99 0
-66 -102 0
-63 -129 0
-66 -132 0
-63 -15 0
-66 -18 0
-63 -45 0
-66 -48 0
-63 -75 0
-66 -78 0
-63 -105 0
-66 -108 0
-63 -135 0
-66 -138 0
-63 -21 0
-66 -24 0
-63 -51 0
-66 -54 0
-63 -81 0
-66 -84 0
-63 -111 0
-66 -114 0
-63 -141 0
-66 -144 0
-63 -27 0
-66 -30 0
-63 -57 0
-66 -60 0
-63 -87 0
-66 -90 0
-63 -117 0
-66 -120 0
-63 -147 0
-66 -150 0
-93 -3 0
-96 -6 0
-93 -33 0
-96 -36 0
-93 -63 0
-96 -66 0
-93 -123 0
-96 -126 0
-93 -9 0
-96 -12 0
-93 -39 0
-96 -42 0
-93 -69 0
-96 -72 0
-93 -99 0
-96 -102 0
-93 -129 0
-96 -132 0
-93 -15 0
-96 -18 0
-93 -45 0
-96 -48 0
-93 -75 0
-96 -78 0
-93 -105 0
-96 -108 0
-93 -135 0
-96 -138 0
-93 -21 0
-96 -24 0
-93 -51 0
-96 -54 0
-93 -81 0
-96 -84 0
-93 -111 0
-96 -114 0
-93 -141 0
-96 -144 0
-93 -27 0
-96 -30 0
-93 -57 0
-96 -60 0
-93 -87 0
-96 -90 0
-93 -117 0
-96 -120 0
-93 -147 0
-96 -150 0
-123 -3 0
-126 -6 0
-123 -33 0
-126 -36 0
-123 -63 0
-126 -66 0
-123 -93 0
-126 -96 0
-123 -9 0
-126 -12 0
-123 -39 0
-126 -42 0
-123 -69 0
-126 -72 0
-123 -99 0
-126 -102 0
-123 -129 0
-126 -132 0
-123 -15 0
-126 -18 0
-123 -45 0
-126 -48 0
-123 -75 0
-126 -78 0
-123 -105 0
-126 -108 0
-123 -135 0
-126 -138 0
-123 -21 0
-126 -24 0
-123 -51 0
-126 -54 0
-123 -81 0
-126 -84 0
-123 -111 0
-126 -114 0
-123 -141 0
-126 -144 0
-123 -27 0
-126 -30 0
-123 -57 0
-126 -60 0
-123 -87 0
-126 -90 0
-123 -117 0
-126 -120 0
-123 -147 0
-126 -150 0
-9 -3 0
-12 -6 0
-9 -33 0
-12 -36 0
-9 -63 0
-12 -66 0
-9 -93 0
-12 -96 0
-9 -123 0
-12 -126 0
-9 -39 0
-12 -42 0
-9 -69 0
-12 -72 0
-9 -99 0
-12 -102 0
-9 -129 0
-12 -132 0
-9 -15 0
-12 -18 0
-9 -45 0
-12 -48 0
-9 -75 0
-12 -78 0
-9 -105 0
-12 -108 0
-9 -135 0
-12 -138 0
-9 -21 0
-12 -24 0
-9 -51 0
-12 -54 0
-9 -81 0
-12 -84 0
-9 -111 0
-12 -114 0
-9 -141 0
-12 -144 0
-9 -27 0
-12 -30 0
-9 -57 0
-12 -60 0
-9 -87 0
-12 -90 0
-9 -117 0
-12 -120 0
-9 -147 0
-12 -150 0
-39 -3 0
-42 -6 0
-39 -33 0
-42 -36 0
-39 -63 0
-42 -66 0
-39 -93 0
-42 -96 0
-39 -123 0
-42 -126 0
-39 -9 0
-42 -12 0
-39 -69 0
-42 -72 0
-39 -99 0
-42 -102 0
-39 -129 0
-42 -132 0
-39 -15 0
-42 -18 0
-39 -45 0
-42 -48 0
-39 -75 0
-42 -78 0
-39 -105 0
-42 -108 0
-39 -135 0
-42 -138 0
-39 -21 0
-42 -24 0
-39 -51 0
-42 -54 0
-39 -81 0
-42 -84 0
-39 -111 0
-42 -114 0
-39 -141 0
-42 -144 0
-39 -27 0
-42 -30 0
-39 -57 0
-42 -60 0
-39 -87 0
-42 -90 0
-39 -117 0
-42 -120 0
-39 -147 0
-42 -150 0
-69 -3 0
-72 -6 0
-69 -33 0
-72 -36 0
-69 -63 0
-72 -66 0
-69 -93 0
-72 -96 0
-69 -123 0
-72 -126 0
-69 -9 0
-72 -12 0
-69 -39 0
-72 -42 0
-69 -99 0
-72 -102 0
-69 -129 0
-72 -132 0
-69 -15 0
-72 -18 0
-69 -45 0
-72 -48 0
-69 -75 0
-72 -78 0
-69 -105 0
-72 -108 0
-69 -135 0
-72 -138 0
-69 -21 0
-72 -24 0
-69 -51 0
-72 -54 0
-69 -81 0
-72 -84 0
-69 -111 0
-72 -114 0
-69 -141 0
-72 -144 0
-69 -27 0
-72 -30 0
-69 -57 0
-72 -60 0
-69 -87 0
-72 -90 0
-69 -117 0
-72 -120 0
-69 -147 0
-72 -150 0
-99 -3 0
-102 -6 0
-99 -33 0
-102 -36 0
-99 -63 0
-102 -66 0
-99 -93 0
-102 -96 0
-99 -123 0
-102 -126 0
-99 -9 0
-102 -12 0
-99 -39 0
-102 -42 0
-99 -69 0
-102 -72 0
-99 -129 0
-102 -132 0
-99 -15 0
-102 -18 0
-99 -45 0
-102 -48 0
-99 -75 0
-102 -78 0
-99 -105 0
-102 -108 0
-99 -135 0
-102 -138 0
-99 -21 0
-102 -24 0
-99 -51 0
-102 -54 0
-99 -81 0
-102 -84 0
-99 -111 0
-102 -114 0
-99 -141 0
-102 -144 0
-99 -27 0
-102 -30 0
-99 -57 0
-102 -60 0
-99 -87 0
-102 -90 0
-99 -117 0
-102 -120 0
-99 -147 0
-102 -150 0
-129 -3 0
-132 -6 0
-129 -33 0
-132 -36 0
-129 -63 0
-132 -66 0
-129 -93 0
-132 -96 0
-129 -123 0
-132 -126 0
-129 -9 0
-132 -12 0
-129 -39 0
-132 -42 0
-129 -69 0
-132 -72 0
-129 -99 0
-132 -102 0
-129 -15 0
-132 -18 0
-129 -45 0
-132 -48 0
-129 -75 0
-132 -78 0
-129 -105 0
-132 -108 0
-129 -135 0
-132 -138 0
-129 -21 0
-132 -24 0
-129 -51 0
-132 -54 0
-129 -81 0
-132 -84 0
-129 -111 0
-132 -114 0
-129 -141 0
-132 -144 0
-129 -27 0
-132 -30 0
-129 -57 0
-132 -60 0
-129 -87 0
-132 -90 0
-129 -117 0
-132 -120 0
-129 -147 0
-132 -150 0
-15 -3 0
-18 -6 0
-15 -33 0
-18 -36 0
-15 -63 0
-18 -66 0
-15 -93 0
-18 -96 0
-15 -123 0
-18 -126 0
-15 -9 0
-18 -12 0
-15 -39 0
-18 -42 0
-15 -69 0
-18 -72 0
-15 -99 0
-18 -102 0
-15 -129 0
-18 -132 0
-15 -45 0
-18 -48 0
-15 -75 0
-18 -78 0
-15 -105 0
-18 -108 0
-15 -135 0
-18 -138 0
-15 -21 0
-18 -24 0
-15 -51 0
-18 -54 0
-15 -81 0
-18 -84 0
-15 -111 0
-18 -114 0
-15 -141 0
-18 -144 0
-15 -27 0
-18 -30 0
-15 -57 0
-18 -60 0
-15 -87 0
-18 -90 0
-15 -117 0
-18 -120 0
-15 -147 0
-18 -150 0
-45 -3 0
-48 -6 0
-45 -33 0
-48 -36 0
-45 -63 0
-48 -66 0
-45 -93 0
-48 -96 0
-45 -123 0
-48 -126 0
-45 -9 0
-48 -12 0
-45 -39 0
-48 -42 0
-45 -69 0
-48 -72 0
-45 -99 0
-48 -102 0
-45 -129 0
-48 -132 0
-45 -15 0
-48 -18 0
-45 -75 0
-48 -78 0
-45 -105 0
-48 -108 0
-45 -135 0
-48 -138 0
-45 -21 0
-48 -24 0
-45 -51 0
-48 -54 0
-45 -81 0
-48 -84 0
-45 -111 0
-48 -114 0
-45 -141 0
-48 -144 0
-45 -27 0
-48 -30 0
-45 -57 0
-48 -60 0
-45 -87 0
-48 -90 0
-45 -117 0
-48 -120 0
-45 -147 0
-48 -150 0
-75 -3 0
-78 -6 0
-75 -33 0
-78 -36 0
-75 -63 0
-78 -66 0
-75 -93 0
-78 -96 0
-75 -123 0
-78 -126 0
-75 -9 0
-78 -12 0
-75 -39 0
-78 -42 0
-75 -69 0
-78 -72 0
-75 -99 0
-78 -102 0
-75 -129 0
-78 -132 0
-75 -15 0
-78 -18 0
-75 -45 0
-78 -48 0
-75 -105 0
-78 -108 0
-75 -135 0
-78 -138 0
-75 -21 0
-78 -24 0
-75 -51 0
-78 -54 0
-75 -81 0
-78 -84 0
-75 -111 0
-78 -114 0
-75 -141 0
-78 -144 0
-75 -27 0
-78 -30 0
-75 -57 0
-78 -60 0
-75 -87 0
-78 -90 0
-75 -117 0
-78 -120 0
-75 -147 0
-78 -150 0
-105 -3 0
-108 -6 0
-105 -33 0
-108 -36 0
-105 -63 0
-108 -66 0
-105 -93 0
-108 -96 0
-105 -123 0
-108 -126 0
-105 -9 0
-108 -12 0
-105 -39 0
-108 -42 0
-105 -69 0
-108 -72 0
-105 -99 0
-108 -102 0
-105 -129 0
-108 -132 0
-105 -15 0
-108 -18 0
-105 -45 0
-108 -48 0
-105 -75 0
-108 -78 0
-105 -135 0
-108 -138 0
-105 -21 0
-108 -24 0
-105 -51 0
-108 -54 0
-105 -81 0
-108 -84 0
-105 -111 0
-108 -114 0
-105 -141 0
-108 -144 0
-105 -27 0
-108 -30 0
-105 -57 0
-108 -60 0
-105 -87 0
-108 -90 0
-105 -117 0
-108 -120 0
-105 -147 0
-108 -150 0
-135 -3 0
-138 -6 0
-135 -33 0
-138 -36 0
-135 -63 0
-138 -66 0
-135 -93 0
-138 -96 0
-135 -123 0
-138 -126 0
-135 -9 0
-138 -12 0
-135 -39 0
-138 -42 0
-135 -69 0
-138 -72 0
-135 -99 0
-138 -102 0
-135 -129 0
-138 -132 0
-135 -15 0
-138 -18 0
-135 -45 0
-138 -48 0
-135 -75 0
-138 -78 0
-135 -105 0
-138 -108 0
-135 -21 0
-138 -24 0
-135 -51 0
-138 -54 0
-135 -81 0
-138 -84 0
-135 -111 0
-138 -114 0
-135 -141 0
-138 -144 0
-135 -27 0
-138 -30 0
-135 -57 0
-138 -60 0
-135 -87 0
-138 -90 0
-135 -117 0
-138 -120 0
-135 -147 0
-138 -150 0
-21 -3 0
-24 -6 0
-21 -33 0
-24 -36 0
-21 -63 0
-24 -66 0
-21 -93 0
-24 -96 0
-21 -123 0
-24 -126 0
-21 -9 0
-24 -12 0
-21 -39 0
-24 -42 0
-21 -69 0
-24 -72 0
-21 -99 0
-24 -102 0
-21 -129 0
-24 -132 0
-21 -15 0
-24 -18 0
-21 -45 0
-24 -48 0
-21 -75 0
-24 -78 0
-21 -105 0
-24 -108 0
-21 -135 0
-24 -138 0
-21 -51 0
-24 -54 0
-21 -81 0
-24 -84 0
-21 -111 0
-24 -114 0
-21 -141 0
-24 -144 0
-21 -27 0
-24 -30 0
-21 -57 0
-24 -60 0
-21 -87 0
-24 -90 0
-21 -117 0
-24 -120 0
-21 -147 0
-24 -150 0
-51 -3 0
-54 -6 0
-51 -33 0
-54 -36 0
-51 -63 0
-54 -66 0
-51 -93 0
-54 -96 0
-51 -123 0
-54 -126 0
-51 -9 0
-54 -12 0
-51 -39 0
-54 -42 0
-51 -69 0
-54 -72 0
-51 -99 0
-54 -102 0
-51 -129 0
-54 -132 0
-51 -15 0
-54 -18 0
-51 -45 0
-54 -48 0
-51 -75 0
-54 -78 0
-51 -105 0
-54 -108 0
-51 -135 0
-54 -138 0
-51 -21 0
-54 -24 0
-51 -81 0
-54 -84 0
-51 -111 0
-54 -114 0
-51 -141 0
-54 -144 0
-51 -27 0
-54 -30 0
-51 -57 0
-54 -60 0
-51 -87 0
-54 -90 0
-51 -117 0
-54 -120 0
-51 -147 0
-54 -150 0
-81 -3 0
-84 -6 0
-81 -33 0
-84 -36 0
-81 -63 0
-84 -66 0
-81 -93 0
-84 -96 0
-81 -123 0
-84 -126 0
-81 -9 0
-84 -12 0
-81 -39 0
-84 -42 0
-81 -69 0
-84 -72 0
-81 -99 0
-84 -102 0
-81 -129 0
-84 -132 0
-81 -15 0
-84 -18 0
-81 -45 0
-84 -48 0
-81 -75 0
-84 -78 0
-81 -105 0
-84 -108 0
-81 -135 0
-84 -138 0
-81 -21 0
-84 -24 0
-81 -51 0
-84 -54 0
-81 -111 0
-84 -114 0
-81 -141 0
-84 -144 0
-81 -27 0
-84 -30 0
-81 -57 0
-84 -60 0
-81 -87 0
-84 -90 0
-81 -117 0
-84 -120 0
-81 -147 0
-84 -150 0
-111 -3 0
-114 -6 0
-111 -33 0
-114 -36 0
-111 -63 0
-114 -66 0
-111 -93 0
-114 -96 0
-111 -123 0
-114 -126 0
-111 -9 0
-114 -12 0
-111 -39 0
-114 -42 0
-111 -69 0
-114 -72 0
-111 -99 0
-114 -102 0
-111 -129 0
-114 -132 0
-111 -15 0
-114 -18 0
-111 -45 0
-114 -48 0
-111 -75 0
-114 -78 0
-111 -105 0
-114 -108 0
-111 -135 0
-114 -138 0
-111 -21 0
-114 -24 0
-111 -51 0
-114 -54 0
-111 -81 0
-114 -84 0
-111 -141 0
-114 -144 0
-111 -27 0
-114 -30 0
-111 -57 0
-114 -60 0
-111 -87 0
-114 -90 0
-111 -117 0
-114 -120 0
-111 -147 0
-114 -150 0
-141 -3 0
-144 -6 0
-141 -33 0
-144 -36 0
-141 -63 0
-144 -66 0
-141 -93 0
-144 -96 0
-141 -123 0
-144 -126 0
-141 -9 0
-144 -12 0
-141 -39 0
-144 -42 0
-141 -69 0
-144 -72 0
-141 -99 0
-144 -102 0
-141 -129 0
-144 -132 0
-141 -15 0
-144 -18 0
-141 -45 0
-144 -48 0
-141 -75 0
-144 -78 0
-141 -105 0
-144 -108 0
-141 -135 0
-144 -138 0
-141 -21 0
-144 -24 0
-141 -51 0
-144 -54 0
-141 -81 0
-144 -84 0
-141 -111 0
-144 -114 0
-141 -27 0
-144 -30 0
-141 -57 0
-144 -60 0
-141 -87 0
-144 -90 0
-141 -117 0
-144 -120 0
-141 -147 0
-144 -150 0
-27 -3 0
-30 -6 0
-27 -33 0
-30 -36 0
-27 -63 0
-30 -66 0
-27 -93 0
-30 -96 0
-27 -123 0
-30 -126 0
-27 -9 0
-30 -12 0
-27 -39 0
-30 -42 0
-27 -69 0
-30 -72 0
-27 -99 0
-30 -102 0
-27 -129 0
-30 -132 0
-27 -15 0
-30 -18 0
-27 -45 0
-30 -48 0
-27 -75 0
-30 -78 0
-27 -105 0
-30 -108 0
-27 -135 0
-30 -138 0
-27 -21 0
-30 -24 0
-27 -51 0
-30 -54 0
-27 -81 0
-30 -84 0
-27 -111 0
-30 -114 0
-27 -141 0
-30 -144 0
-27 -57 0
-30 -60 0
-27 -87 0
-30 -90 0
-27 -117 0
-30 -120 0
-27 -147 0
-30 -150 0
-57 -3 0
-60 -6 0
-57 -33 0
-60 -36 0
-57 -63 0
-60 -66 0
-57 -93 0
-60 -96 0
-57 -123 0
-60 -126 0
-57 -9 0
-60 -12 0
-57 -39 0
-60 -42 0
-57 -69 0
-60 -72 0
-57 -99 0
-60 -102 0
-57 -129 0
-60 -132 0
-57 -15 0
-60 -18 0
-57 -45 0
-60 -48 0
-57 -75 0
-60 -78 0
-57 -105 0
-60 -108 0
-57 -135 0
-60 -138 0
-57 -21 0
-60 -24 0
-57 -51 0
-60 -54 0
-57 -81 0
-60 -84 0
-57 -111 0
-60 -114 0
-57 -141 0
-60 -144 0
-57 -27 0
-60 -30 0
-57 -87 0
-60 -90 0
-57 -117 0
-60 -120 0
-57 -147 0
-60 -150 0
-87 -3 0
-90 -6 0
-87 -33 0
-90 -36 0
-87 -63 0
-90 -66 0
-87 -93 0
-90 -96 0
-87 -123 0
-90 -126 0
-87 -9 0
-90 -12 0
-87 -39 0
-90 -42 0
-87 -69 0
-90 -72 0
-87 -99 0
-90 -102 0
-87 -129 0
-90 -132 0
-87 -15 0
-90 -18 0
-87 -45 0
-90 -48 0
-87 -75 0
-90 -78 0
-87 -105 0
-90 -108 0
-87 -135 0
-90 -138 0
-87 -21 0
-90 -24 0
-87 -51 0
-90 -54 0
-87 -81 0
-90 -84 0
-87 -111 0
-90 -114 0
-87 -141 0
-90 -144 0
-87 -27 0
-90 -30 0
-87 -57 0
-90 -60 0
-87 -117 0
-90 -120 0
-87 -147 0
-90 -150 0
-117 -3 0
-120 -6 0
-117 -33 0
-120 -36 0
-117 -63 0
-120 -66 0
-117 -93 0
-120 -96 0
-117 -123 0
-120 -126 0
-117 -9 0
-120 -12 0
-117 -39 0
-120 -42 0
-117 -69 0
-120 -72 0
-117 -99 0
-120 -102 0
-117 -129 0
-120 -132 0
-117 -15 0
-120 -18 0
-117 -45 0
-120 -48 0
-117 -75 0
-120 -78 0
-117 -105 0
-120 -108 0
-117 -135 0
-120 -138 0
-117 -21 0
-120 -24 0
-117 -51 0
-120 -54 0
-117 -81 0
-120 -84 0
-117 -111 0
-120 -114 0
-117 -141 0
-120 -144 0
-117 -27 0
-120 -30 0
-117 -57 0
-120 -60 0
-117 -87 0
-120 -90 0
-117 -147 0
-120 -150 0
-147 -3 0
-150 -6 0
-147 -33 0
-150 -36 0
-147 -63 0
-150 -66 0
-147 -93 0
-150 -96 0
-147 -123 0
-150 -126 0
-147 -9 0
-150 -12 0
-147 -39 0
-150 -42 0
-147 -69 0
-150 -72 0
-147 -99 0
-150 -102 0
-147 -129 0
-150 -132 0
-147 -15 0
-150 -18 0
-147 -45 0
-150 -48 0
-147 -75 0
-150 -78 0
-147 -105 0
-150 -108 0
-147 -135 0
-150 -138 0
-147 -21 0
-150 -24 0
-147 -51 0
-150 -54 0
-147 -81 0
-150 -84 0
-147 -111 0
-150 -114 0
-147 -141 0
-150 -144 0
-147 -27 0
-150 -30 0
-147 -57 0
-150 -60 0
-147 -87 0
-150 -90 0
-147 -117 0
-150 -120 0
