1 0
-5 0
-51 0
-55 0
-101 0
-105 0
-151 0
-155 0
-201 0
-205 0
-11 0
-15 0
-61 0
-65 0
-111 0
-115 0
-161 0
-165 0
-211 0
-215 0
-21 0
-25 0
-71 0
-75 0
-121 0
-125 0
-171 0
-175 0
-221 0
-225 0
-31 0
-35 0
-81 0
-85 0
-131 0
-135 0
-181 0
-185 0
-231 0
-235 0
-41 0
-45 0
-91 0
-95 0
-141 0
-145 0
-191 0
-195 0
-241 0
245 0
-6 0
10 0
-56 0
-60 0
-106 0
-110 0
-156 0
-160 0
-206 0
-210 0
-16 0
-20 0
-66 0
-70 0
-116 0
-120 0
-166 0
-170 0
-216 0
-220 0
-26 0
-30 0
-76 0
-80 0
-126 0
-130 0
-176 0
-180 0
-226 0
-230 0
-36 0
-40 0
-86 0
-90 0
-136 0
-140 0
-186 0
-190 0
-236 0
-240 0
-46 0
-50 0
-96 0
-100 0
-146 0
-150 0
-196 0
-200 0
246 0
-250 0
-2 1 11 51 0
-52 51 61 101 1 0
-102 101 111 151 51 0
-152 151 161 201 101 0
-202 201 211 151 0
-12 11 21 1 61 0
-62 61 71 51 111 11 0
-112 111 121 101 161 61 0
-162 161 171 151 211 111 0
-212 211 221 201 161 0
-22 21 31 11 71 0
-72 71 81 61 121 21 0
-122 121 131 111 171 71 0
-172 171 181 161 221 121 0
-222 221 231 211 171 0
-32 31 41 21 81 0
-82 81 91 71 131 31 0
-132 131 141 121 181 81 0
-182 181 191 171 231 131 0
-232 231 241 221 181 0
-42 41 31 91 0
-92 91 81 141 41 0
-142 141 131 191 91 0
-192 191 181 241 141 0
-242 241 231 191 0
-3 2 12 52 0
-53 52 62 102 2 0
-103 102 112 152 52 0
-153 152 162 202 102 0
-203 202 212 152 0
-13 12 22 2 62 0
-63 62 72 52 112 12 0
-113 112 122 102 162 62 0
-163 162 172 152 212 112 0
-213 212 222 202 162 0
-23 22 32 12 72 0
-73 72 82 62 122 22 0
-123 122 132 112 172 72 0
-173 172 182 162 222 122 0
-223 222 232 212 172 0
-33 32 42 22 82 0
-83 82 92 72 132 32 0
-133 132 142 122 182 82 0
-183 182 192 172 232 132 0
-233 232 242 222 182 0
-43 42 32 92 0
-93 92 82 142 42 0
-143 142 132 192 92 0
-193 192 182 242 142 0
-243 242 232 192 0
-4 3 13 53 0
-54 53 63 103 3 0
-104 103 113 153 53 0
-154 153 163 203 103 0
-204 203 213 153 0
-14 13 23 3 63 0
-64 63 73 53 113 13 0
-114 113 123 103 163 63 0
-164 163 173 153 213 113 0
-214 213 223 203 163 0
-24 23 33 13 73 0
-74 73 83 63 123 23 0
-124 123 133 113 173 73 0
-174 173 183 163 223 123 0
-224 223 233 213 173 0
-34 33 43 23 83 0
-84 83 93 73 133 33 0
-134 133 143 123 183 83 0
-184 183 193 173 233 133 0
-234 233 243 223 183 0
-44 43 33 93 0
-94 93 83 143 43 0
-144 143 133 193 93 0
-194 193 183 243 143 0
-244 243 233 193 0
-5 4 14 54 0
-55 54 64 104 4 0
-105 104 114 154 54 0
-155 154 164 204 104 0
-205 204 214 154 0
-15 14 24 4 64 0
-65 64 74 54 114 14 0
-115 114 124 104 164 64 0
-165 164 174 154 214 114 0
-215 214 224 204 164 0
-25 24 34 14 74 0
-75 74 84 64 124 24 0
-125 124 134 114 174 74 0
-175 174 184 164 224 124 0
-225 224 234 214 174 0
-35 34 44 24 84 0
-85 84 94 74 134 34 0
-135 134 144 124 184 84 0
-185 184 194 174 234 134 0
-235 234 244 224 184 0
-45 44 34 94 0
-95 94 84 144 44 0
-145 144 134 194 94 0
-195 194 184 244 144 0
-245 244 234 194 0
-7 6 16 56 0
-57 56 66 106 6 0
-107 106 116 156 56 0
-157 156 166 206 106 0
-207 206 216 156 0
-17 16 26 6 66 0
-67 66 76 56 116 16 0
-117 116 126 106 166 66 0
-167 166 176 156 216 116 0
-217 216 226 206 166 0
-27 26 36 16 76 0
-77 76 86 66 126 26 0
-127 126 136 116 176 76 0
-177 176 186 166 226 126 0
-227 226 236 216 176 0
-37 36 46 26 86 0
-87 86 96 76 136 36 0
-137 136 146 126 186 86 0
-187 186 196 176 236 136 0
-237 236 246 226 186 0
-47 46 36 96 0
-97 96 86 146 46 0
-147 146 136 196 96 0
-197 196 186 246 146 0
-247 246 236 196 0
-8 7 17 57 0
-58 57 67 107 7 0
-108 107 117 157 57 0
-158 157 167 207 107 0
-208 207 217 157 0
-18 17 27 7 67 0
-68 67 77 57 117 17 0
-118 117 127 107 167 67 0
-168 167 177 157 217 117 0
-218 217 227 207 167 0
-28 27 37 17 77 0
-78 77 87 67 127 27 0
-128 127 137 117 177 77 0
-178 177 187 167 227 127 0
-228 227 237 217 177 0
-38 37 47 27 87 0
-88 87 97 77 137 37 0
-138 137 147 127 187 87 0
-188 187 197 177 237 137 0
-238 237 247 227 187 0
-48 47 37 97 0
-98 97 87 147 47 0
-148 147 137 197 97 0
-198 197 187 247 147 0
-248 247 237 197 0
-9 8 18 58 0
-59 58 68 108 8 0
-109 108 118 158 58 0
-159 158 168 208 108 0
-209 208 218 158 0
-19 18 28 8 68 0
-69 68 78 58 118 18 0
-119 118 128 108 168 68 0
-169 168 178 158 218 118 0
-219 218 228 208 168 0
-29 28 38 18 78 0
-79 78 88 68 128 28 0
-129 128 138 118 178 78 0
-179 178 188 168 228 128 0
-229 228 238 218 178 0
-39 38 48 28 88 0
-89 88 98 78 138 38 0
-139 138 148 128 188 88 0
-189 188 198 178 238 138 0
-239 238 248 228 188 0
-49 48 38 98 0
-99 98 88 148 48 0
-149 148 138 198 98 0
-199 198 188 248 148 0
-249 248 238 198 0
-10 9 19 59 0
-60 59 69 109 9 0
-110 109 119 159 59 0
-160 159 169 209 109 0
-210 209 219 159 0
-20 19 29 9 69 0
-70 69 79 59 119 19 0
-120 119 129 109 169 69 0
-170 169 179 159 219 119 0
-220 219 229 209 169 0
-30 29 39 19 79 0
-80 79 89 69 129 29 0
-130 129 139 119 179 79 0
-180 179 189 169 229 129 0
-230 229 239 219 179 0
-40 39 49 29 89 0
-90 89 99 79 139 39 0
-140 139 149 129 189 89 0
-190 189 199 179 239 139 0
-240 239 249 229 189 0
-50 49 39 99 0
-100 99 89 149 49 0
-150 149 139 199 99 0
-200 199 189 249 149 0
-250 249 239 199 0
-21 0
-31 0
-111 0
-131 0
-211 0
-221 0
-22 0
-32 0
-112 0
-132 0
-212 0
-222 0
-23 0
-33 0
-113 0
-133 0
-213 0
-223 0
-24 0
-34 0
-114 0
-134 0
-214 0
-224 0
-25 0
-35 0
-115 0
-135 0
-215 0
-225 0
-26 0
-36 0
-116 0
-136 0
-216 0
-226 0
-27 0
-37 0
-117 0
-137 0
-217 0
-227 0
-28 0
-38 0
-118 0
-138 0
-218 0
-228 0
-29 0
-39 0
-119 0
-139 0
-219 0
-229 0
-30 0
-40 0
-120 0
-140 0
-220 0
-230 0
-1 -6 0
-1 -16 -12 -7 0
-6 -11 -17 -2 0
-1 -56 -52 -7 0
-6 -51 -57 -2 0
-51 -56 0
-51 -66 -62 -57 0
-56 -61 -67 -52 0
-51 -106 -102 -57 0
-56 -101 -107 -52 0
-101 -106 0
-101 -116 -112 -107 0
-106 -111 -117 -102 0
-101 -156 -152 -107 0
-106 -151 -157 -102 0
-151 -156 0
-151 -166 -162 -157 0
-156 -161 -167 -152 0
-151 -206 -202 -157 0
-156 -201 -207 -152 0
-201 -206 0
-201 -216 -212 -207 0
-206 -211 -217 -202 0
-11 -16 0
-11 -26 -22 -17 0
-16 -21 -27 -12 0
-11 -66 -62 -17 0
-16 -61 -67 -12 0
-61 -66 0
-61 -76 -72 -67 0
-66 -71 -77 -62 0
-61 -116 -112 -67 0
-66 -111 -117 -62 0
-111 -116 0
-111 -126 -122 -117 0
-116 -121 -127 -112 0
-111 -166 -162 -117 0
-116 -161 -167 -112 0
-161 -166 0
-161 -176 -172 -167 0
-166 -171 -177 -162 0
-161 -216 -212 -167 0
-166 -211 -217 -162 0
-211 -216 0
-211 -226 -222 -217 0
-216 -221 -227 -212 0
-21 -26 0
-21 -36 -32 -27 0
-26 -31 -37 -22 0
-21 -76 -72 -27 0
-26 -71 -77 -22 0
-71 -76 0
-71 -86 -82 -77 0
-76 -81 -87 -72 0
-71 -126 -122 -77 0
-76 -121 -127 -72 0
-121 -126 0
-121 -136 -132 -127 0
-126 -131 -137 -122 0
-121 -176 -172 -127 0
-126 -171 -177 -122 0
-171 -176 0
-171 -186 -182 -177 0
-176 -181 -187 -172 0
-171 -226 -222 -177 0
-176 -221 -227 -172 0
-221 -226 0
-221 -236 -232 -227 0
-226 -231 -237 -222 0
-31 -36 0
-31 -46 -42 -37 0
-36 -41 -47 -32 0
-31 -86 -82 -37 0
-36 -81 -87 -32 0
-81 -86 0
-81 -96 -92 -87 0
-86 -91 -97 -82 0
-81 -136 -132 -87 0
-86 -131 -137 -82 0
-131 -136 0
-131 -146 -142 -137 0
-136 -141 -147 -132 0
-131 -186 -182 -137 0
-136 -181 -187 -132 0
-181 -186 0
-181 -196 -192 -187 0
-186 -191 -197 -182 0
-181 -236 -232 -187 0
-186 -231 -237 -182 0
-231 -236 0
-231 -246 -242 -237 0
-236 -241 -247 -232 0
-41 -46 0
-41 -96 -92 -47 0
-46 -91 -97 -42 0
-91 -96 0
-91 -146 -142 -97 0
-96 -141 -147 -92 0
-141 -146 0
-141 -196 -192 -147 0
-146 -191 -197 -142 0
-191 -196 0
-191 -246 -242 -197 0
-196 -241 -247 -192 0
-241 -246 0
-2 -7 0
-2 -17 -13 -8 0
-7 -12 -18 -3 0
-2 -57 -53 -8 0
-7 -52 -58 -3 0
-52 -57 0
-52 -67 -63 -58 0
-57 -62 -68 -53 0
-52 -107 -103 -58 0
-57 -102 -108 -53 0
-102 -107 0
-102 -117 -113 -108 0
-107 -112 -118 -103 0
-102 -157 -153 -108 0
-107 -152 -158 -103 0
-152 -157 0
-152 -167 -163 -158 0
-157 -162 -168 -153 0
-152 -207 -203 -158 0
-157 -202 -208 -153 0
-202 -207 0
-202 -217 -213 -208 0
-207 -212 -218 -203 0
-12 -17 0
-12 -27 -23 -18 0
-17 -22 -28 -13 0
-12 -67 -63 -18 0
-17 -62 -68 -13 0
-62 -67 0
-62 -77 -73 -68 0
-67 -72 -78 -63 0
-62 -117 -113 -68 0
-67 -112 -118 -63 0
-112 -117 0
-112 -127 -123 -118 0
-117 -122 -128 -113 0
-112 -167 -163 -118 0
-117 -162 -168 -113 0
-162 -167 0
-162 -177 -173 -168 0
-167 -172 -178 -163 0
-162 -217 -213 -168 0
-167 -212 -218 -163 0
-212 -217 0
-212 -227 -223 -218 0
-217 -222 -228 -213 0
-22 -27 0
-22 -37 -33 -28 0
-27 -32 -38 -23 0
-22 -77 -73 -28 0
-27 -72 -78 -23 0
-72 -77 0
-72 -87 -83 -78 0
-77 -82 -88 -73 0
-72 -127 -123 -78 0
-77 -122 -128 -73 0
-122 -127 0
-122 -137 -133 -128 0
-127 -132 -138 -123 0
-122 -177 -173 -128 0
-127 -172 -178 -123 0
-172 -177 0
-172 -187 -183 -178 0
-177 -182 -188 -173 0
-172 -227 -223 -178 0
-177 -222 -228 -173 0
-222 -227 0
-222 -237 -233 -228 0
-227 -232 -238 -223 0
-32 -37 0
-32 -47 -43 -38 0
-37 -42 -48 -33 0
-32 -87 -83 -38 0
-37 -82 -88 -33 0
-82 -87 0
-82 -97 -93 -88 0
-87 -92 -98 -83 0
-82 -137 -133 -88 0
-87 -132 -138 -83 0
-132 -137 0
-132 -147 -143 -138 0
-137 -142 -148 -133 0
-132 -187 -183 -138 0
-137 -182 -188 -133 0
-182 -187 0
-182 -197 -193 -188 0
-187 -192 -198 -183 0
-182 -237 -233 -188 0
-187 -232 -238 -183 0
-232 -237 0
-232 -247 -243 -238 0
-237 -242 -248 -233 0
-42 -47 0
-42 -97 -93 -48 0
-47 -92 -98 -43 0
-92 -97 0
-92 -147 -143 -98 0
-97 -142 -148 -93 0
-142 -147 0
-142 -197 -193 -148 0
-147 -192 -198 -143 0
-192 -197 0
-192 -247 -243 -198 0
-197 -242 -248 -193 0
-242 -247 0
-3 -8 0
-3 -18 -14 -9 0
-8 -13 -19 -4 0
-3 -58 -54 -9 0
-8 -53 -59 -4 0
-53 -58 0
-53 -68 -64 -59 0
-58 -63 -69 -54 0
-53 -108 -104 -59 0
-58 -103 -109 -54 0
-103 -108 0
-103 -118 -114 -109 0
-108 -113 -119 -104 0
-103 -158 -154 -109 0
-108 -153 -159 -104 0
-153 -158 0
-153 -168 -164 -159 0
-158 -163 -169 -154 0
-153 -208 -204 -159 0
-158 -203 -209 -154 0
-203 -208 0
-203 -218 -214 -209 0
-208 -213 -219 -204 0
-13 -18 0
-13 -28 -24 -19 0
-18 -23 -29 -14 0
-13 -68 -64 -19 0
-18 -63 -69 -14 0
-63 -68 0
-63 -78 -74 -69 0
-68 -73 -79 -64 0
-63 -118 -114 -69 0
-68 -113 -119 -64 0
-113 -118 0
-113 -128 -124 -119 0
-118 -123 -129 -114 0
-113 -168 -164 -119 0
-118 -163 -169 -114 0
-163 -168 0
-163 -178 -174 -169 0
-168 -173 -179 -164 0
-163 -218 -214 -169 0
-168 -213 -219 -164 0
-213 -218 0
-213 -228 -224 -219 0
-218 -223 -229 -214 0
-23 -28 0
-23 -38 -34 -29 0
-28 -33 -39 -24 0
-23 -78 -74 -29 0
-28 -73 -79 -24 0
-73 -78 0
-73 -88 -84 -79 0
-78 -83 -89 -74 0
-73 -128 -124 -79 0
-78 -123 -129 -74 0
-123 -128 0
-123 -138 -134 -129 0
-128 -133 -139 -124 0
-123 -178 -174 -129 0
-128 -173 -179 -124 0
-173 -178 0
-173 -188 -184 -179 0
-178 -183 -189 -174 0
-173 -228 -224 -179 0
-178 -223 -229 -174 0
-223 -228 0
-223 -238 -234 -229 0
-228 -233 -239 -224 0
-33 -38 0
-33 -48 -44 -39 0
-38 -43 -49 -34 0
-33 -88 -84 -39 0
-38 -83 -89 -34 0
-83 -88 0
-83 -98 -94 -89 0
-88 -93 -99 -84 0
-83 -138 -134 -89 0
-88 -133 -139 -84 0
-133 -138 0
-133 -148 -144 -139 0
-138 -143 -149 -134 0
-133 -188 -184 -139 0
-138 -183 -189 -134 0
-183 -188 0
-183 -198 -194 -189 0
-188 -193 -199 -184 0
-183 -238 -234 -189 0
-188 -233 -239 -184 0
-233 -238 0
-233 -248 -244 -239 0
-238 -243 -249 -234 0
-43 -48 0
-43 -98 -94 -49 0
-48 -93 -99 -44 0
-93 -98 0
-93 -148 -144 -99 0
-98 -143 -149 -94 0
-143 -148 0
-143 -198 -194 -149 0
-148 -193 -199 -144 0
-193 -198 0
-193 -248 -244 -199 0
-198 -243 -249 -194 0
-243 -248 0
-4 -9 0
-4 -19 -15 -10 0
-9 -14 -20 -5 0
-4 -59 -55 -10 0
-9 -54 -60 -5 0
-54 -59 0
-54 -69 -65 -60 0
-59 -64 -70 -55 0
-54 -109 -105 -60 0
-59 -104 -110 -55 0
-104 -109 0
-104 -119 -115 -110 0
-109 -114 -120 -105 0
-104 -159 -155 -110 0
-109 -154 -160 -105 0
-154 -159 0
-154 -169 -165 -160 0
-159 -164 -170 -155 0
-154 -209 -205 -160 0
-159 -204 -210 -155 0
-204 -209 0
-204 -219 -215 -210 0
-209 -214 -220 -205 0
-14 -19 0
-14 -29 -25 -20 0
-19 -24 -30 -15 0
-14 -69 -65 -20 0
-19 -64 -70 -15 0
-64 -69 0
-64 -79 -75 -70 0
-69 -74 -80 -65 0
-64 -119 -115 -70 0
-69 -114 -120 -65 0
-114 -119 0
-114 -129 -125 -120 0
-119 -124 -130 -115 0
-114 -169 -165 -120 0
-119 -164 -170 -115 0
-164 -169 0
-164 -179 -175 -170 0
-169 -174 -180 -165 0
-164 -219 -215 -170 0
-169 -214 -220 -165 0
-214 -219 0
-214 -229 -225 -220 0
-219 -224 -230 -215 0
-24 -29 0
-24 -39 -35 -30 0
-29 -34 -40 -25 0
-24 -79 -75 -30 0
-29 -74 -80 -25 0
-74 -79 0
-74 -89 -85 -80 0
-79 -84 -90 -75 0
-74 -129 -125 -80 0
-79 -124 -130 -75 0
-124 -129 0
-124 -139 -135 -130 0
-129 -134 -140 -125 0
-124 -179 -175 -130 0
-129 -174 -180 -125 0
-174 -179 0
-174 -189 -185 -180 0
-179 -184 -190 -175 0
-174 -229 -225 -180 0
-179 -224 -230 -175 0
-224 -229 0
-224 -239 -235 -230 0
-229 -234 -240 -225 0
-34 -39 0
-34 -49 -45 -40 0
-39 -44 -50 -35 0
-34 -89 -85 -40 0
-39 -84 -90 -35 0
-84 -89 0
-84 -99 -95 -90 0
-89 -94 -100 -85 0
-84 -139 -135 -90 0
-89 -134 -140 -85 0
-134 -139 0
-134 -149 -145 -140 0
-139 -144 -150 -135 0
-134 -189 -185 -140 0
-139 -184 -190 -135 0
-184 -189 0
-184 -199 -195 -190 0
-189 -194 -200 -185 0
-184 -239 -235 -190 0
-189 -234 -240 -185 0
-234 -239 0
-234 -249 -245 -240 0
-239 -244 -250 -235 0
-44 -49 0
-44 -99 -95 -50 0
-49 -94 -100 -45 0
-94 -99 0
-94 -149 -145 -100 0
-99 -144 -150 -95 0
-144 -149 0
-144 -199 -195 -150 0
-149 -194 -200 -145 0
-194 -199 0
-194 -249 -245 -200 0
-199 -244 -250 -195 0
-244 -249 0
-5 -10 0
-5 -20 -16 -11 0
-10 -15 -21 -6 0
-5 -60 -56 -11 0
-10 -55 -61 -6 0
-55 -60 0
-55 -70 -66 -61 0
-60 -65 -71 -56 0
-55 -110 -106 -61 0
-60 -105 -111 -56 0
-105 -110 0
-105 -120 -116 -111 0
-110 -115 -121 -106 0
-105 -160 -156 -111 0
-110 -155 -161 -106 0
-155 -160 0
-155 -170 -166 -161 0
-160 -165 -171 -156 0
-155 -210 -206 -161 0
-160 -205 -211 -156 0
-205 -210 0
-205 -220 -216 -211 0
-210 -215 -221 -206 0
-15 -20 0
-15 -30 -26 -21 0
-20 -25 -31 -16 0
-15 -70 -66 -21 0
-20 -65 -71 -16 0
-65 -70 0
-65 -80 -76 -71 0
-70 -75 -81 -66 0
-65 -120 -116 -71 0
-70 -115 -121 -66 0
-115 -120 0
-115 -130 -126 -121 0
-120 -125 -131 -116 0
-115 -170 -166 -121 0
-120 -165 -171 -116 0
-165 -170 0
-165 -180 -176 -171 0
-170 -175 -181 -166 0
-165 -220 -216 -171 0
-170 -215 -221 -166 0
-215 -220 0
-215 -230 -226 -221 0
-220 -225 -231 -216 0
-25 -30 0
-25 -40 -36 -31 0
-30 -35 -41 -26 0
-25 -80 -76 -31 0
-30 -75 -81 -26 0
-75 -80 0
-75 -90 -86 -81 0
-80 -85 -91 -76 0
-75 -130 -126 -81 0
-80 -125 -131 -76 0
-125 -130 0
-125 -140 -136 -131 0
-130 -135 -141 -126 0
-125 -180 -176 -131 0
-130 -175 -181 -126 0
-175 -180 0
-175 -190 -186 -181 0
-180 -185 -191 -176 0
-175 -230 -226 -181 0
-180 -225 -231 -176 0
-225 -230 0
-225 -240 -236 -231 0
-230 -235 -241 -226 0
-35 -40 0
-35 -50 -46 -41 0
-40 -45 -51 -36 0
-35 -90 -86 -41 0
-40 -85 -91 -36 0
-85 -90 0
-85 -100 -96 -91 0
-90 -95 -101 -86 0
-85 -140 -136 -91 0
-90 -135 -141 -86 0
-135 -140 0
-135 -150 -146 -141 0
-140 -145 -151 -136 0
-135 -190 -186 -141 0
-140 -185 -191 -136 0
-185 -190 0
-185 -200 -196 -191 0
-190 -195 -201 -186 0
-185 -240 -236 -191 0
-190 -235 -241 -186 0
-235 -240 0
-235 -250 -246 -241 0
-240 -245 -251 -236 0
-45 -50 0
-45 -100 -96 -51 0
-50 -95 -101 -46 0
-95 -100 0
-95 -150 -146 -101 0
-100 -145 -151 -96 0
-145 -150 0
-145 -200 -196 -151 0
-150 -195 -201 -146 0
-195 -200 0
-195 -250 -246 -201 0
-200 -245 -251 -196 0
-245 -250 0
-1 -51 0
-6 -56 0
-1 -101 0
-6 -106 0
-1 -151 0
-6 -156 0
-1 -201 0
-6 -206 0
-1 -11 0
-6 -16 0
-1 -61 0
-6 -66 0
-1 -111 0
-6 -116 0
-1 -161 0
-6 -166 0
-1 -211 0
-6 -216 0
-1 -21 0
-6 -26 0
-1 -71 0
-6 -76 0
-1 -121 0
-6 -126 0
-1 -171 0
-6 -176 0
-1 -221 0
-6 -226 0
-1 -31 0
-6 -36 0
-1 -81 0
-6 -86 0
-1 -131 0
-6 -136 0
-1 -181 0
-6 -186 0
-1 -231 0
-6 -236 0
-1 -41 0
-6 -46 0
-1 -91 0
-6 -96 0
-1 -141 0
-6 -146 0
-1 -191 0
-6 -196 0
-1 -241 0
-6 -246 0
-51 -1 0
-56 -6 0
-51 -101 0
-56 -106 0
-51 -151 0
-56 -156 0
-51 -201 0
-56 -206 0
-51 -11 0
-56 -16 0
-51 -61 0
-56 -66 0
-51 -111 0
-56 -116 0
-51 -161 0
-56 -166 0
-51 -211 0
-56 -216 0
-51 -21 0
-56 -26 0
-51 -71 0
-56 -76 0
-51 -121 0
-56 -126 0
-51 -171 0
-56 -176 0
-51 -221 0
-56 -226 0
-51 -31 0
-56 -36 0
-51 -81 0
-56 -86 0
-51 -131 0
-56 -136 0
-51 -181 0
-56 -186 0
-51 -231 0
-56 -236 0
-51 -41 0
-56 -46 0
-51 -91 0
-56 -96 0
-51 -141 0
-56 -146 0
-51 -191 0
-56 -196 0
-51 -241 0
-56 -246 0
-101 -1 0
-106 -6 0
-101 -51 0
-106 -56 0
-101 -151 0
-106 -156 0
-101 -201 0
-106 -206 0
-101 -11 0
-106 -16 0
-101 -61 0
-106 -66 0
-101 -111 0
-106 -116 0
-101 -161 0
-106 -166 0
-101 -211 0
-106 -216 0
-101 -21 0
-106 -26 0
-101 -71 0
-106 -76 0
-101 -121 0
-106 -126 0
-101 -171 0
-106 -176 0
-101 -221 0
-106 -226 0
-101 -31 0
-106 -36 0
-101 -81 0
-106 -86 0
-101 -131 0
-106 -136 0
-101 -181 0
-106 -186 0
-101 -231 0
-106 -236 0
-101 -41 0
-106 -46 0
-101 -91 0
-106 -96 0
-101 -141 0
-106 -146 0
-101 -191 0
-106 -196 0
-101 -241 0
-106 -246 0
-151 -1 0
-156 -6 0
-151 -51 0
-156 -56 0
-151 -101 0
-156 -106 0
-151 -201 0
-156 -206 0
-151 -11 0
-156 -16 0
-151 -61 0
-156 -66 0
-151 -111 0
-156 -116 0
-151 -161 0
-156 -166 0
-151 -211 0
-156 -216 0
-151 -21 0
-156 -26 0
-151 -71 0
-156 -76 0
-151 -121 0
-156 -126 0
-151 -171 0
-156 -176 0
-151 -221 0
-156 -226 0
-151 -31 0
-156 -36 0
-151 -81 0
-156 -86 0
-151 -131 0
-156 -136 0
-151 -181 0
-156 -186 0
-151 -231 0
-156 -236 0
-151 -41 0
-156 -46 0
-151 -91 0
-156 -96 0
-151 -141 0
-156 -146 0
-151 -191 0
-156 -196 0
-151 -241 0
-156 -246 0
-201 -1 0
-206 -6 0
-201 -51 0
-206 -56 0
-201 -101 0
-206 -106 0
-201 -151 0
-206 -156 0
-201 -11 0
-206 -16 0
-201 -61 0
-206 -66 0
-201 -111 0
-206 -116 0
-201 -161 0
-206 -166 0
-201 -211 0
-206 -216 0
-201 -21 0
-206 -26 0
-201 -71 0
-206 -76 0
-201 -121 0
-206 -126 0
-201 -171 0
-206 -176 0
-201 -221 0
-206 -226 0
-201 -31 0
-206 -36 0
-201 -81 0
-206 -86 0
-201 -131 0
-206 -136 0
-201 -181 0
-206 -186 0
-201 -231 0
-206 -236 0
-201 -41 0
-206 -46 0
-201 -91 0
-206 -96 0
-201 -141 0
-206 -146 0
-201 -191 0
-206 -196 0
-201 -241 0
-206 -246 0
-11 -1 0
-16 -6 0
-11 -51 0
-16 -56 0
-11 -101 0
-16 -106 0
-11 -151 0
-16 -156 0
-11 -201 0
-16 -206 0
-11 -61 0
-16 -66 0
-11 -111 0
-16 -116 0
-11 -161 0
-16 -166 0
-11 -211 0
-16 -216 0
-11 -21 0
-16 -26 0
-11 -71 0
-16 -76 0
-11 -121 0
-16 -126 0
-11 -171 0
-16 -176 0
-11 -221 0
-16 -226 0
-11 -31 0
-16 -36 0
-11 -81 0
-16 -86 0
-11 -131 0
-16 -136 0
-11 -181 0
-16 -186 0
-11 -231 0
-16 -236 0
-11 -41 0
-16 -46 0
-11 -91 0
-16 -96 0
-11 -141 0
-16 -146 0
-11 -191 0
-16 -196 0
-11 -241 0
-16 -246 0
-61 -1 0
-66 -6 0
-61 -51 0
-66 -56 0
-61 -101 0
-66 -106 0
-61 -151 0
-66 -156 0
-61 -201 0
-66 -206 0
-61 -11 0
-66 -16 0
-61 -111 0
-66 -116 0
-61 -161 0
-66 -166 0
-61 -211 0
-66 -216 0
-61 -21 0
-66 -26 0
-61 -71 0
-66 -76 0
-61 -121 0
-66 -126 0
-61 -171 0
-66 -176 0
-61 -221 0
-66 -226 0
-61 -31 0
-66 -36 0
-61 -81 0
-66 -86 0
-61 -131 0
-66 -136 0
-61 -181 0
-66 -186 0
-61 -231 0
-66 -236 0
-61 -41 0
-66 -46 0
-61 -91 0
-66 -96 0
-61 -141 0
-66 -146 0
-61 -191 0
-66 -196 0
-61 -241 0
-66 -246 0
-111 -1 0
-116 -6 0
-111 -51 0
-116 -56 0
-111 -101 0
-116 -106 0
-111 -151 0
-116 -156 0
-111 -201 0
-116 -206 0
-111 -11 0
-116 -16 0
-111 -61 0
-116 -66 0
-111 -161 0
-116 -166 0
-111 -211 0
-116 -216 0
-111 -21 0
-116 -26 0
-111 -71 0
-116 -76 0
-111 -121 0
-116 -126 0
-111 -171 0
-116 -176 0
-111 -221 0
-116 -226 0
-111 -31 0
-116 -36 0
-111 -81 0
-116 -86 0
-111 -131 0
-116 -136 0
-111 -181 0
-116 -186 0
-111 -231 0
-116 -236 0
-111 -41 0
-116 -46 0
-111 -91 0
-116 -96 0
-111 -141 0
-116 -146 0
-111 -191 0
-116 -196 0
-111 -241 0
-116 -246 0
-161 -1 0
-166 -6 0
-161 -51 0
-166 -56 0
-161 -101 0
-166 -106 0
-161 -151 0
-166 -156 0
-161 -201 0
-166 -206 0
-161 -11 0
-166 -16 0
-161 -61 0
-166 -66 0
-161 -111 0
-166 -116 0
-161 -211 0
-166 -216 0
-161 -21 0
-166 -26 0
-161 -71 0
-166 -76 0
-161 -121 0
-166 -126 0
-161 -171 0
-166 -176 0
-161 -221 0
-166 -226 0
-161 -31 0
-166 -36 0
-161 -81 0
-166 -86 0
-161 -131 0
-166 -136 0
-161 -181 0
-166 -186 0
-161 -231 0
-166 -236 0
-161 -41 0
-166 -46 0
-161 -91 0
-166 -96 0
-161 -141 0
-166 -146 0
-161 -191 0
-166 -196 0
-161 -241 0
-166 -246 0
-211 -1 0
-216 -6 0
-211 -51 0
-216 -56 0
-211 -101 0
-216 -106 0
-211 -151 0
-216 -156 0
-211 -201 0
-216 -206 0
-211 -11 0
-216 -16 0
-211 -61 0
-216 -66 0
-211 -111 0
-216 -116 0
-211 -161 0
-216 -166 0
-211 -21 0
-216 -26 0
-211 -71 0
-216 -76 0
-211 -121 0
-216 -126 0
-211 -171 0
-216 -176 0
-211 -221 0
-216 -226 0
-211 -31 0
-216 -36 0
-211 -81 0
-216 -86 0
-211 -131 0
-216 -136 0
-211 -181 0
-216 -186 0
-211 -231 0
-216 -236 0
-211 -41 0
-216 -46 0
-211 -91 0
-216 -96 0
-211 -141 0
-216 -146 0
-211 -191 0
-216 -196 0
-211 -241 0
-216 -246 0
-21 -1 0
-26 -6 0
-21 -51 0
-26 -56 0
-21 -101 0
-26 -106 0
-21 -151 0
-26 -156 0
-21 -201 0
-26 -206 0
-21 -11 0
-26 -16 0
-21 -61 0
-26 -66 0
-21 -111 0
-26 -116 0
-21 -161 0
-26 -166 0
-21 -211 0
-26 -216 0
-21 -71 0
-26 -76 0
-21 -121 0
-26 -126 0
-21 -171 0
-26 -176 0
-21 -221 0
-26 -226 0
-21 -31 0
-26 -36 0
-21 -81 0
-26 -86 0
-21 -131 0
-26 -136 0
-21 -181 0
-26 -186 0
-21 -231 0
-26 -236 0
-21 -41 0
-26 -46 0
-21 -91 0
-26 -96 0
-21 -141 0
-26 -146 0
-21 -191 0
-26 -196 0
-21 -241 0
-26 -246 0
-71 -1 0
-76 -6 0
-71 -51 0
-76 -56 0
-71 -101 0
-76 -106 0
-71 -151 0
-76 -156 0
-71 -201 0
-76 -206 0
-71 -11 0
-76 -16 0
-71 -61 0
-76 -66 0
-71 -111 0
-76 -116 0
-71 -161 0
-76 -166 0
-71 -211 0
-76 -216 0
-71 -21 0
-76 -26 0
-71 -121 0
-76 -126 0
-71 -171 0
-76 -176 0
-71 -221 0
-76 -226 0
-71 -31 0
-76 -36 0
-71 -81 0
-76 -86 0
-71 -131 0
-76 -136 0
-71 -181 0
-76 -186 0
-71 -231 0
-76 -236 0
-71 -41 0
-76 -46 0
-71 -91 0
-76 -96 0
-71 -141 0
-76 -146 0
-71 -191 0
-76 -196 0
-71 -241 0
-76 -246 0
-121 -1 0
-126 -6 0
-121 -51 0
-126 -56 0
-121 -101 0
-126 -106 0
-121 -151 0
-126 -156 0
-121 -201 0
-126 -206 0
-121 -11 0
-126 -16 0
-121 -61 0
-126 -66 0
-121 -111 0
-126 -116 0
-121 -161 0
-126 -166 0
-121 -211 0
-126 -216 0
-121 -21 0
-126 -26 0
-121 -71 0
-126 -76 0
-121 -171 0
-126 -176 0
-121 -221 0
-126 -226 0
-121 -31 0
-126 -36 0
-121 -81 0
-126 -86 0
-121 -131 0
-126 -136 0
-121 -181 0
-126 -186 0
-121 -231 0
-126 -236 0
-121 -41 0
-126 -46 0
-121 -91 0
-126 -96 0
-121 -141 0
-126 -146 0
-121 -191 0
-126 -196 0
-121 -241 0
-126 -246 0
-171 -1 0
-176 -6 0
-171 -51 0
-176 -56 0
-171 -101 0
-176 -106 0
-171 -151 0
-176 -156 0
-171 -201 0
-176 -206 0
-171 -11 0
-176 -16 0
-171 -61 0
-176 -66 0
-171 -111 0
-176 -116 0
-171 -161 0
-176 -166 0
-171 -211 0
-176 -216 0
-171 -21 0
-176 -26 0
-171 -71 0
-176 -76 0
-171 -121 0
-176 -126 0
-171 -221 0
-176 -226 0
-171 -31 0
-176 -36 0
-171 -81 0
-176 -86 0
-171 -131 0
-176 -136 0
-171 -181 0
-176 -186 0
-171 -231 0
-176 -236 0
-171 -41 0
-176 -46 0
-171 -91 0
-176 -96 0
-171 -141 0
-176 -146 0
-171 -191 0
-176 -196 0
-171 -241 0
-176 -246 0
-221 -1 0
-226 -6 0
-221 -51 0
-226 -56 0
-221 -101 0
-226 -106 0
-221 -151 0
-226 -156 0
-221 -201 0
-226 -206 0
-221 -11 0
-226 -16 0
-221 -61 0
-226 -66 0
-221 -111 0
-226 -116 0
-221 -161 0
-226 -166 0
-221 -211 0
-226 -216 0
-221 -21 0
-226 -26 0
-221 -71 0
-226 -76 0
-221 -121 0
-226 -126 0
-221 -171 0
-226 -176 0
-221 -31 0
-226 -36 0
-221 -81 0
-226 -86 0
-221 -131 0
-226 -136 0
-221 -181 0
-226 -186 0
-221 -231 0
-226 -236 0
-221 -41 0
-226 -46 0
-221 -91 0
-226 -96 0
-221 -141 0
-226 -146 0
-221 -191 0
-226 -196 0
-221 -241 0
-226 -246 0
-31 -1 0
-36 -6 0
-31 -51 0
-36 -56 0
-31 -101 0
-36 -106 0
-31 -151 0
-36 -156 0
-31 -201 0
-36 -206 0
-31 -11 0
-36 -16 0
-31 -61 0
-36 -66 0
-31 -111 0
-36 -116 0
-31 -161 0
-36 -166 0
-31 -211 0
-36 -216 0
-31 -21 0
-36 -26 0
-31 -71 0
-36 -76 0
-31 -121 0
-36 -126 0
-31 -171 0
-36 -176 0
-31 -221 0
-36 -226 0
-31 -81 0
-36 -86 0
-31 -131 0
-36 -136 0
-31 -181 0
-36 -186 0
-31 -231 0
-36 -236 0
-31 -41 0
-36 -46 0
-31 -91 0
-36 -96 0
-31 -141 0
-36 -146 0
-31 -191 0
-36 -196 0
-31 -241 0
-36 -246 0
-81 -1 0
-86 -6 0
-81 -51 0
-86 -56 0
-81 -101 0
-86 -106 0
-81 -151 0
-86 -156 0
-81 -201 0
-86 -206 0
-81 -11 0
-86 -16 0
-81 -61 0
-86 -66 0
-81 -111 0
-86 -116 0
-81 -161 0
-86 -166 0
-81 -211 0
-86 -216 0
-81 -21 0
-86 -26 0
-81 -71 0
-86 -76 0
-81 -121 0
-86 -126 0
-81 -171 0
-86 -176 0
-81 -221 0
-86 -226 0
-81 -31 0
-86 -36 0
-81 -131 0
-86 -136 0
-81 -181 0
-86 -186 0
-81 -231 0
-86 -236 0
-81 -41 0
-86 -46 0
-81 -91 0
-86 -96 0
-81 -141 0
-86 -146 0
-81 -191 0
-86 -196 0
-81 -241 0
-86 -246 0
-131 -1 0
-136 -6 0
-131 -51 0
-136 -56 0
-131 -101 0
-136 -106 0
-131 -151 0
-136 -156 0
-131 -201 0
-136 -206 0
-131 -11 0
-136 -16 0
-131 -61 0
-136 -66 0
-131 -111 0
-136 -116 0
-131 -161 0
-136 -166 0
-131 -211 0
-136 -216 0
-131 -21 0
-136 -26 0
-131 -71 0
-136 -76 0
-131 -121 0
-136 -126 0
-131 -171 0
-136 -176 0
-131 -221 0
-136 -226 0
-131 -31 0
-136 -36 0
-131 -81 0
-136 -86 0
-131 -181 0
-136 -186 0
-131 -231 0
-136 -236 0
-131 -41 0
-136 -46 0
-131 -91 0
-136 -96 0
-131 -141 0
-136 -146 0
-131 -191 0
-136 -196 0
-131 -241 0
-136 -246 0
-181 -1 0
-186 -6 0
-181 -51 0
-186 -56 0
-181 -101 0
-186 -106 0
-181 -151 0
-186 -156 0
-181 -201 0
-186 -206 0
-181 -11 0
-186 -16 0
-181 -61 0
-186 -66 0
-181 -111 0
-186 -116 0
-181 -161 0
-186 -166 0
-181 -211 0
-186 -216 0
-181 -21 0
-186 -26 0
-181 -71 0
-186 -76 0
-181 -121 0
-186 -126 0
-181 -171 0
-186 -176 0
-181 -221 0
-186 -226 0
-181 -31 0
-186 -36 0
-181 -81 0
-186 -86 0
-181 -131 0
-186 -136 0
-181 -231 0
-186 -236 0
-181 -41 0
-186 -46 0
-181 -91 0
-186 -96 0
-181 -141 0
-186 -146 0
-181 -191 0
-186 -196 0
-181 -241 0
-186 -246 0
-231 -1 0
-236 -6 0
-231 -51 0
-236 -56 0
-231 -101 0
-236 -106 0
-231 -151 0
-236 -156 0
-231 -201 0
-236 -206 0
-231 -11 0
-236 -16 0
-231 -61 0
-236 -66 0
-231 -111 0
-236 -116 0
-231 -161 0
-236 -166 0
-231 -211 0
-236 -216 0
-231 -21 0
-236 -26 0
-231 -71 0
-236 -76 0
-231 -121 0
-236 -126 0
-231 -171 0
-236 -176 0
-231 -221 0
-236 -226 0
-231 -31 0
-236 -36 0
-231 -81 0
-236 -86 0
-231 -131 0
-236 -136 0
-231 -181 0
-236 -186 0
-231 -41 0
-236 -46 0
-231 -91 0
-236 -96 0
-231 -141 0
-236 -146 0
-231 -191 0
-236 -196 0
-231 -241 0
-236 -246 0
-41 -1 0
-46 -6 0
-41 -51 0
-46 -56 0
-41 -101 0
-46 -106 0
-41 -151 0
-46 -156 0
-41 -201 0
-46 -206 0
-41 -11 0
-46 -16 0
-41 -61 0
-46 -66 0
-41 -111 0
-46 -116 0
-41 -161 0
-46 -166 0
-41 -211 0
-46 -216 0
-41 -21 0
-46 -26 0
-41 -71 0
-46 -76 0
-41 -121 0
-46 -126 0
-41 -171 0
-46 -176 0
-41 -221 0
-46 -226 0
-41 -31 0
-46 -36 0
-41 -81 0
-46 -86 0
-41 -131 0
-46 -136 0
-41 -181 0
-46 -186 0
-41 -231 0
-46 -236 0
-41 -91 0
-46 -96 0
-41 -141 0
-46 -146 0
-41 -191 0
-46 -196 0
-41 -241 0
-46 -246 0
-91 -1 0
-96 -6 0
-91 -51 0
-96 -56 0
-91 -101 0
-96 -106 0
-91 -151 0
-96 -156 0
-91 -201 0
-96 -206 0
-91 -11 0
-96 -16 0
-91 -61 0
-96 -66 0
-91 -111 0
-96 -116 0
-91 -161 0
-96 -166 0
-91 -211 0
-96 -216 0
-91 -21 0
-96 -26 0
-91 -71 0
-96 -76 0
-91 -121 0
-96 -126 0
-91 -171 0
-96 -176 0
-91 -221 0
-96 -226 0
-91 -31 0
-96 -36 0
-91 -81 0
-96 -86 0
-91 -131 0
-96 -136 0
-91 -181 0
-96 -186 0
-91 -231 0
-96 -236 0
-91 -41 0
-96 -46 0
-91 -141 0
-96 -146 0
-91 -191 0
-96 -196 0
-91 -241 0
-96 -246 0
-141 -1 0
-146 -6 0
-141 -51 0
-146 -56 0
-141 -101 0
-146 -106 0
-141 -151 0
-146 -156 0
-141 -201 0
-146 -206 0
-141 -11 0
-146 -16 0
-141 -61 0
-146 -66 0
-141 -111 0
-146 -116 0
-141 -161 0
-146 -166 0
-141 -211 0
-146 -216 0
-141 -21 0
-146 -26 0
-141 -71 0
-146 -76 0
-141 -121 0
-146 -126 0
-141 -171 0
-146 -176 0
-141 -221 0
-146 -226 0
-141 -31 0
-146 -36 0
-141 -81 0
-146 -86 0
-141 -131 0
-146 -136 0
-141 -181 0
-146 -186 0
-141 -231 0
-146 -236 0
-141 -41 0
-146 -46 0
-141 -91 0
-146 -96 0
-141 -191 0
-146 -196 0
-141 -241 0
-146 -246 0
-191 -1 0
-196 -6 0
-191 -51 0
-196 -56 0
-191 -101 0
-196 -106 0
-191 -151 0
-196 -156 0
-191 -201 0
-196 -206 0
-191 -11 0
-196 -16 0
-191 -61 0
-196 -66 0
-191 -111 0
-196 -116 0
-191 -161 0
-196 -166 0
-191 -211 0
-196 -216 0
-191 -21 0
-196 -26 0
-191 -71 0
-196 -76 0
-191 -121 0
-196 -126 0
-191 -171 0
-196 -176 0
-191 -221 0
-196 -226 0
-191 -31 0
-196 -36 0
-191 -81 0
-196 -86 0
-191 -131 0
-196 -136 0
-191 -181 0
-196 -186 0
-191 -231 0
-196 -236 0
-191 -41 0
-196 -46 0
-191 -91 0
-196 -96 0
-191 -141 0
-196 -146 0
-191 -241 0
-196 -246 0
-241 -1 0
-246 -6 0
-241 -51 0
-246 -56 0
-241 -101 0
-246 -106 0
-241 -151 0
-246 -156 0
-241 -201 0
-246 -206 0
-241 -11 0
-246 -16 0
-241 -61 0
-246 -66 0
-241 -111 0
-246 -116 0
-241 -161 0
-246 -166 0
-241 -211 0
-246 -216 0
-241 -21 0
-246 -26 0
-241 -71 0
-246 -76 0
-241 -121 0
-246 -126 0
-241 -171 0
-246 -176 0
-241 -221 0
-246 -226 0
-241 -31 0
-246 -36 0
-241 -81 0
-246 -86 0
-241 -131 0
-246 -136 0
-241 -181 0
-246 -186 0
-241 -231 0
-246 -236 0
-241 -41 0
-246 -46 0
-241 -91 0
-246 -96 0
-241 -141 0
-246 -146 0
-241 -191 0
-246 -196 0
-2 -52 0
-7 -57 0
-2 -102 0
-7 -107 0
-2 -152 0
-7 -157 0
-2 -202 0
-7 -207 0
-2 -12 0
-7 -17 0
-2 -62 0
-7 -67 0
-2 -112 0
-7 -117 0
-2 -162 0
-7 -167 0
-2 -212 0
-7 -217 0
-2 -22 0
-7 -27 0
-2 -72 0
-7 -77 0
-2 -122 0
-7 -127 0
-2 -172 0
-7 -177 0
-2 -222 0
-7 -227 0
-2 -32 0
-7 -37 0
-2 -82 0
-7 -87 0
-2 -132 0
-7 -137 0
-2 -182 0
-7 -187 0
-2 -232 0
-7 -237 0
-2 -42 0
-7 -47 0
-2 -92 0
-7 -97 0
-2 -142 0
-7 -147 0
-2 -192 0
-7 -197 0
-2 -242 0
-7 -247 0
-52 -2 0
-57 -7 0
-52 -102 0
-57 -107 0
-52 -152 0
-57 -157 0
-52 -202 0
-57 -207 0
-52 -12 0
-57 -17 0
-52 -62 0
-57 -67 0
-52 -112 0
-57 -117 0
-52 -162 0
-57 -167 0
-52 -212 0
-57 -217 0
-52 -22 0
-57 -27 0
-52 -72 0
-57 -77 0
-52 -122 0
-57 -127 0
-52 -172 0
-57 -177 0
-52 -222 0
-57 -227 0
-52 -32 0
-57 -37 0
-52 -82 0
-57 -87 0
-52 -132 0
-57 -137 0
-52 -182 0
-57 -187 0
-52 -232 0
-57 -237 0
-52 -42 0
-57 -47 0
-52 -92 0
-57 -97 0
-52 -142 0
-57 -147 0
-52 -192 0
-57 -197 0
-52 -242 0
-57 -247 0
-102 -2 0
-107 -7 0
-102 -52 0
-107 -57 0
-102 -152 0
-107 -157 0
-102 -202 0
-107 -207 0
-102 -12 0
-107 -17 0
-102 -62 0
-107 -67 0
-102 -112 0
-107 -117 0
-102 -162 0
-107 -167 0
-102 -212 0
-107 -217 0
-102 -22 0
-107 -27 0
-102 -72 0
-107 -77 0
-102 -122 0
-107 -127 0
-102 -172 0
-107 -177 0
-102 -222 0
-107 -227 0
-102 -32 0
-107 -37 0
-102 -82 0
-107 -87 0
-102 -132 0
-107 -137 0
-102 -182 0
-107 -187 0
-102 -232 0
-107 -237 0
-102 -42 0
-107 -47 0
-102 -92 0
-107 -97 0
-102 -142 0
-107 -147 0
-102 -192 0
-107 -197 0
-102 -242 0
-107 -247 0
-152 -2 0
-157 -7 0
-152 -52 0
-157 -57 0
-152 -102 0
-157 -107 0
-152 -202 0
-157 -207 0
-152 -12 0
-157 -17 0
-152 -62 0
-157 -67 0
-152 -112 0
-157 -117 0
-152 -162 0
-157 -167 0
-152 -212 0
-157 -217 0
-152 -22 0
-157 -27 0
-152 -72 0
-157 -77 0
-152 -122 0
-157 -127 0
-152 -172 0
-157 -177 0
-152 -222 0
-157 -227 0
-152 -32 0
-157 -37 0
-152 -82 0
-157 -87 0
-152 -132 0
-157 -137 0
-152 -182 0
-157 -187 0
-152 -232 0
-157 -237 0
-152 -42 0
-157 -47 0
-152 -92 0
-157 -97 0
-152 -142 0
-157 -147 0
-152 -192 0
-157 -197 0
-152 -242 0
-157 -247 0
-202 -2 0
-207 -7 0
-202 -52 0
-207 -57 0
-202 -102 0
-207 -107 0
-202 -152 0
-207 -157 0
-202 -12 0
-207 -17 0
-202 -62 0
-207 -67 0
-202 -112 0
-207 -117 0
-202 -162 0
-207 -167 0
-202 -212 0
-207 -217 0
-202 -22 0
-207 -27 0
-202 -72 0
-207 -77 0
-202 -122 0
-207 -127 0
-202 -172 0
-207 -177 0
-202 -222 0
-207 -227 0
-202 -32 0
-207 -37 0
-202 -82 0
-207 -87 0
-202 -132 0
-207 -137 0
-202 -182 0
-207 -187 0
-202 -232 0
-207 -237 0
-202 -42 0
-207 -47 0
-202 -92 0
-207 -97 0
-202 -142 0
-207 -147 0
-202 -192 0
-207 -197 0
-202 -242 0
-207 -247 0
-12 -2 0
-17 -7 0
-12 -52 0
-17 -57 0
-12 -102 0
-17 -107 0
-12 -152 0
-17 -157 0
-12 -202 0
-17 -207 0
-12 -62 0
-17 -67 0
-12 -112 0
-17 -117 0
-12 -162 0
-17 -167 0
-12 -212 0
-17 -217 0
-12 -22 0
-17 -27 0
-12 -72 0
-17 -77 0
-12 -122 0
-17 -127 0
-12 -172 0
-17 -177 0
-12 -222 0
-17 -227 0
-12 -32 0
-17 -37 0
-12 -82 0
-17 -87 0
-12 -132 0
-17 -137 0
-12 -182 0
-17 -187 0
-12 -232 0
-17 -237 0
-12 -42 0
-17 -47 0
-12 -92 0
-17 -97 0
-12 -142 0
-17 -147 0
-12 -192 0
-17 -197 0
-12 -242 0
-17 -247 0
-62 -2 0
-67 -7 0
-62 -52 0
-67 -57 0
-62 -102 0
-67 -107 0
-62 -152 0
-67 -157 0
-62 -202 0
-67 -207 0
-62 -12 0
-67 -17 0
-62 -112 0
-67 -117 0
-62 -162 0
-67 -167 0
-62 -212 0
-67 -217 0
-62 -22 0
-67 -27 0
-62 -72 0
-67 -77 0
-62 -122 0
-67 -127 0
-62 -172 0
-67 -177 0
-62 -222 0
-67 -227 0
-62 -32 0
-67 -37 0
-62 -82 0
-67 -87 0
-62 -132 0
-67 -137 0
-62 -182 0
-67 -187 0
-62 -232 0
-67 -237 0
-62 -42 0
-67 -47 0
-62 -92 0
-67 -97 0
-62 -142 0
-67 -147 0
-62 -192 0
-67 -197 0
-62 -242 0
-67 -247 0
-112 -2 0
-117 -7 0
-112 -52 0
-117 -57 0
-112 -102 0
-117 -107 0
-112 -152 0
-117 -157 0
-112 -202 0
-117 -207 0
-112 -12 0
-117 -17 0
-112 -62 0
-117 -67 0
-112 -162 0
-117 -167 0
-112 -212 0
-117 -217 0
-112 -22 0
-117 -27 0
-112 -72 0
-117 -77 0
-112 -122 0
-117 -127 0
-112 -172 0
-117 -177 0
-112 -222 0
-117 -227 0
-112 -32 0
-117 -37 0
-112 -82 0
-117 -87 0
-112 -132 0
-117 -137 0
-112 -182 0
-117 -187 0
-112 -232 0
-117 -237 0
-112 -42 0
-117 -47 0
-112 -92 0
-117 -97 0
-112 -142 0
-117 -147 0
-112 -192 0
-117 -197 0
-112 -242 0
-117 -247 0
-162 -2 0
-167 -7 0
-162 -52 0
-167 -57 0
-162 -102 0
-167 -107 0
-162 -152 0
-167 -157 0
-162 -202 0
-167 -207 0
-162 -12 0
-167 -17 0
-162 -62 0
-167 -67 0
-162 -112 0
-167 -117 0
-162 -212 0
-167 -217 0
-162 -22 0
-167 -27 0
-162 -72 0
-167 -77 0
-162 -122 0
-167 -127 0
-162 -172 0
-167 -177 0
-162 -222 0
-167 -227 0
-162 -32 0
-167 -37 0
-162 -82 0
-167 -87 0
-162 -132 0
-167 -137 0
-162 -182 0
-167 -187 0
-162 -232 0
-167 -237 0
-162 -42 0
-167 -47 0
-162 -92 0
-167 -97 0
-162 -142 0
-167 -147 0
-162 -192 0
-167 -197 0
-162 -242 0
-167 -247 0
-212 -2 0
-217 -7 0
-212 -52 0
-217 -57 0
-212 -102 0
-217 -107 0
-212 -152 0
-217 -157 0
-212 -202 0
-217 -207 0
-212 -12 0
-217 -17 0
-212 -62 0
-217 -67 0
-212 -112 0
-217 -117 0
-212 -162 0
-217 -167 0
-212 -22 0
-217 -27 0
-212 -72 0
-217 -77 0
-212 -122 0
-217 -127 0
-212 -172 0
-217 -177 0
-212 -222 0
-217 -227 0
-212 -32 0
-217 -37 0
-212 -82 0
-217 -87 0
-212 -132 0
-217 -137 0
-212 -182 0
-217 -187 0
-212 -232 0
-217 -237 0
-212 -42 0
-217 -47 0
-212 -92 0
-217 -97 0
-212 -142 0
-217 -147 0
-212 -192 0
-217 -197 0
-212 -242 0
-217 -247 0
-22 -2 0
-27 -7 0
-22 -52 0
-27 -57 0
-22 -102 0
-27 -107 0
-22 -152 0
-27 -157 0
-22 -202 0
-27 -207 0
-22 -12 0
-27 -17 0
-22 -62 0
-27 -67 0
-22 -112 0
-27 -117 0
-22 -162 0
-27 -167 0
-22 -212 0
-27 -217 0
-22 -72 0
-27 -77 0
-22 -122 0
-27 -127 0
-22 -172 0
-27 -177 0
-22 -222 0
-27 -227 0
-22 -32 0
-27 -37 0
-22 -82 0
-27 -87 0
-22 -132 0
-27 -137 0
-22 -182 0
-27 -187 0
-22 -232 0
-27 -237 0
-22 -42 0
-27 -47 0
-22 -92 0
-27 -97 0
-22 -142 0
-27 -147 0
-22 -192 0
-27 -197 0
-22 -242 0
-27 -247 0
-72 -2 0
-77 -7 0
-72 -52 0
-77 -57 0
-72 -102 0
-77 -107 0
-72 -152 0
-77 -157 0
-72 -202 0
-77 -207 0
-72 -12 0
-77 -17 0
-72 -62 0
-77 -67 0
-72 -112 0
-77 -117 0
-72 -162 0
-77 -167 0
-72 -212 0
-77 -217 0
-72 -22 0
-77 -27 0
-72 -122 0
-77 -127 0
-72 -172 0
-77 -177 0
-72 -222 0
-77 -227 0
-72 -32 0
-77 -37 0
-72 -82 0
-77 -87 0
-72 -132 0
-77 -137 0
-72 -182 0
-77 -187 0
-72 -232 0
-77 -237 0
-72 -42 0
-77 -47 0
-72 -92 0
-77 -97 0
-72 -142 0
-77 -147 0
-72 -192 0
-77 -197 0
-72 -242 0
-77 -247 0
-122 -2 0
-127 -7 0
-122 -52 0
-127 -57 0
-122 -102 0
-127 -107 0
-122 -152 0
-127 -157 0
-122 -202 0
-127 -207 0
-122 -12 0
-127 -17 0
-122 -62 0
-127 -67 0
-122 -112 0
-127 -117 0
-122 -162 0
-127 -167 0
-122 -212 0
-127 -217 0
-122 -22 0
-127 -27 0
-122 -72 0
-127 -77 0
-122 -172 0
-127 -177 0
-122 -222 0
-127 -227 0
-122 -32 0
-127 -37 0
-122 -82 0
-127 -87 0
-122 -132 0
-127 -137 0
-122 -182 0
-127 -187 0
-122 -232 0
-127 -237 0
-122 -42 0
-127 -47 0
-122 -92 0
-127 -97 0
-122 -142 0
-127 -147 0
-122 -192 0
-127 -197 0
-122 -242 0
-127 -247 0
-172 -2 0
-177 -7 0
-172 -52 0
-177 -57 0
-172 -102 0
-177 -107 0
-172 -152 0
-177 -157 0
-172 -202 0
-177 -207 0
-172 -12 0
-177 -17 0
-172 -62 0
-177 -67 0
-172 -112 0
-177 -117 0
-172 -162 0
-177 -167 0
-172 -212 0
-177 -217 0
-172 -22 0
-177 -27 0
-172 -72 0
-177 -77 0
-172 -122 0
-177 -127 0
-172 -222 0
-177 -227 0
-172 -32 0
-177 -37 0
-172 -82 0
-177 -87 0
-172 -132 0
-177 -137 0
-172 -182 0
-177 -187 0
-172 -232 0
-177 -237 0
-172 -42 0
-177 -47 0
-172 -92 0
-177 -97 0
-172 -142 0
-177 -147 0
-172 -192 0
-177 -197 0
-172 -242 0
-177 -247 0
-222 -2 0
-227 -7 0
-222 -52 0
-227 -57 0
-222 -102 0
-227 -107 0
-222 -152 0
-227 -157 0
-222 -202 0
-227 -207 0
-222 -12 0
-227 -17 0
-222 -62 0
-227 -67 0
-222 -112 0
-227 -117 0
-222 -162 0
-227 -167 0
-222 -212 0
-227 -217 0
-222 -22 0
-227 -27 0
-222 -72 0
-227 -77 0
-222 -122 0
-227 -127 0
-222 -172 0
-227 -177 0
-222 -32 0
-227 -37 0
-222 -82 0
-227 -87 0
-222 -132 0
-227 -137 0
-222 -182 0
-227 -187 0
-222 -232 0
-227 -237 0
-222 -42 0
-227 -47 0
-222 -92 0
-227 -97 0
-222 -142 0
-227 -147 0
-222 -192 0
-227 -197 0
-222 -242 0
-227 -247 0
-32 -2 0
-37 -7 0
-32 -52 0
-37 -57 0
-32 -102 0
-37 -107 0
-32 -152 0
-37 -157 0
-32 -202 0
-37 -207 0
-32 -12 0
-37 -17 0
-32 -62 0
-37 -67 0
-32 -112 0
-37 -117 0
-32 -162 0
-37 -167 0
-32 -212 0
-37 -217 0
-32 -22 0
-37 -27 0
-32 -72 0
-37 -77 0
-32 -122 0
-37 -127 0
-32 -172 0
-37 -177 0
-32 -222 0
-37 -227 0
-32 -82 0
-37 -87 0
-32 -132 0
-37 -137 0
-32 -182 0
-37 -187 0
-32 -232 0
-37 -237 0
-32 -42 0
-37 -47 0
-32 -92 0
-37 -97 0
-32 -142 0
-37 -147 0
-32 -192 0
-37 -197 0
-32 -242 0
-37 -247 0
-82 -2 0
-87 -7 0
-82 -52 0
-87 -57 0
-82 -102 0
-87 -107 0
-82 -152 0
-87 -157 0
-82 -202 0
-87 -207 0
-82 -12 0
-87 -17 0
-82 -62 0
-87 -67 0
-82 -112 0
-87 -117 0
-82 -162 0
-87 -167 0
-82 -212 0
-87 -217 0
-82 -22 0
-87 -27 0
-82 -72 0
-87 -77 0
-82 -122 0
-87 -127 0
-82 -172 0
-87 -177 0
-82 -222 0
-87 -227 0
-82 -32 0
-87 -37 0
-82 -132 0
-87 -137 0
-82 -182 0
-87 -187 0
-82 -232 0
-87 -237 0
-82 -42 0
-87 -47 0
-82 -92 0
-87 -97 0
-82 -142 0
-87 -147 0
-82 -192 0
-87 -197 0
-82 -242 0
-87 -247 0
-132 -2 0
-137 -7 0
-132 -52 0
-137 -57 0
-132 -102 0
-137 -107 0
-132 -152 0
-137 -157 0
-132 -202 0
-137 -207 0
-132 -12 0
-137 -17 0
-132 -62 0
-137 -67 0
-132 -112 0
-137 -117 0
-132 -162 0
-137 -167 0
-132 -212 0
-137 -217 0
-132 -22 0
-137 -27 0
-132 -72 0
-137 -77 0
-132 -122 0
-137 -127 0
-132 -172 0
-137 -177 0
-132 -222 0
-137 -227 0
-132 -32 0
-137 -37 0
-132 -82 0
-137 -87 0
-132 -182 0
-137 -187 0
-132 -232 0
-137 -237 0
-132 -42 0
-137 -47 0
-132 -92 0
-137 -97 0
-132 -142 0
-137 -147 0
-132 -192 0
-137 -197 0
-132 -242 0
-137 -247 0
-182 -2 0
-187 -7 0
-182 -52 0
-187 -57 0
-182 -102 0
-187 -107 0
-182 -152 0
-187 -157 0
-182 -202 0
-187 -207 0
-182 -12 0
-187 -17 0
-182 -62 0
-187 -67 0
-182 -112 0
-187 -117 0
-182 -162 0
-187 -167 0
-182 -212 0
-187 -217 0
-182 -22 0
-187 -27 0
-182 -72 0
-187 -77 0
-182 -122 0
-187 -127 0
-182 -172 0
-187 -177 0
-182 -222 0
-187 -227 0
-182 -32 0
-187 -37 0
-182 -82 0
-187 -87 0
-182 -132 0
-187 -137 0
-182 -232 0
-187 -237 0
-182 -42 0
-187 -47 0
-182 -92 0
-187 -97 0
-182 -142 0
-187 -147 0
-182 -192 0
-187 -197 0
-182 -242 0
-187 -247 0
-232 -2 0
-237 -7 0
-232 -52 0
-237 -57 0
-232 -102 0
-237 -107 0
-232 -152 0
-237 -157 0
-232 -202 0
-237 -207 0
-232 -12 0
-237 -17 0
-232 -62 0
-237 -67 0
-232 -112 0
-237 -117 0
-232 -162 0
-237 -167 0
-232 -212 0
-237 -217 0
-232 -22 0
-237 -27 0
-232 -72 0
-237 -77 0
-232 -122 0
-237 -127 0
-232 -172 0
-237 -177 0
-232 -222 0
-237 -227 0
-232 -32 0
-237 -37 0
-232 -82 0
-237 -87 0
-232 -132 0
-237 -137 0
-232 -182 0
-237 -187 0
-232 -42 0
-237 -47 0
-232 -92 0
-237 -97 0
-232 -142 0
-237 -147 0
-232 -192 0
-237 -197 0
-232 -242 0
-237 -247 0
-42 -2 0
-47 -7 0
-42 -52 0
-47 -57 0
-42 -102 0
-47 -107 0
-42 -152 0
-47 -157 0
-42 -202 0
-47 -207 0
-42 -12 0
-47 -17 0
-42 -62 0
-47 -67 0
-42 -112 0
-47 -117 0
-42 -162 0
-47 -167 0
-42 -212 0
-47 -217 0
-42 -22 0
-47 -27 0
-42 -72 0
-47 -77 0
-42 -122 0
-47 -127 0
-42 -172 0
-47 -177 0
-42 -222 0
-47 -227 0
-42 -32 0
-47 -37 0
-42 -82 0
-47 -87 0
-42 -132 0
-47 -137 0
-42 -182 0
-47 -187 0
-42 -232 0
-47 -237 0
-42 -92 0
-47 -97 0
-42 -142 0
-47 -147 0
-42 -192 0
-47 -197 0
-42 -242 0
-47 -247 0
-92 -2 0
-97 -7 0
-92 -52 0
-97 -57 0
-92 -102 0
-97 -107 0
-92 -152 0
-97 -157 0
-92 -202 0
-97 -207 0
-92 -12 0
-97 -17 0
-92 -62 0
-97 -67 0
-92 -112 0
-97 -117 0
-92 -162 0
-97 -167 0
-92 -212 0
-97 -217 0
-92 -22 0
-97 -27 0
-92 -72 0
-97 -77 0
-92 -122 0
-97 -127 0
-92 -172 0
-97 -177 0
-92 -222 0
-97 -227 0
-92 -32 0
-97 -37 0
-92 -82 0
-97 -87 0
-92 -132 0
-97 -137 0
-92 -182 0
-97 -187 0
-92 -232 0
-97 -237 0
-92 -42 0
-97 -47 0
-92 -142 0
-97 -147 0
-92 -192 0
-97 -197 0
-92 -242 0
-97 -247 0
-142 -2 0
-147 -7 0
-142 -52 0
-147 -57 0
-142 -102 0
-147 -107 0
-142 -152 0
-147 -157 0
-142 -202 0
-147 -207 0
-142 -12 0
-147 -17 0
-142 -62 0
-147 -67 0
-142 -112 0
-147 -117 0
-142 -162 0
-147 -167 0
-142 -212 0
-147 -217 0
-142 -22 0
-147 -27 0
-142 -72 0
-147 -77 0
-142 -122 0
-147 -127 0
-142 -172 0
-147 -177 0
-142 -222 0
-147 -227 0
-142 -32 0
-147 -37 0
-142 -82 0
-147 -87 0
-142 -132 0
-147 -137 0
-142 -182 0
-147 -187 0
-142 -232 0
-147 -237 0
-142 -42 0
-147 -47 0
-142 -92 0
-147 -97 0
-142 -192 0
-147 -197 0
-142 -242 0
-147 -247 0
-192 -2 0
-197 -7 0
-192 -52 0
-197 -57 0
-192 -102 0
-197 -107 0
-192 -152 0
-197 -157 0
-192 -202 0
-197 -207 0
-192 -12 0
-197 -17 0
-192 -62 0
-197 -67 0
-192 -112 0
-197 -117 0
-192 -162 0
-197 -167 0
-192 -212 0
-197 -217 0
-192 -22 0
-197 -27 0
-192 -72 0
-197 -77 0
-192 -122 0
-197 -127 0
-192 -172 0
-197 -177 0
-192 -222 0
-197 -227 0
-192 -32 0
-197 -37 0
-192 -82 0
-197 -87 0
-192 -132 0
-197 -137 0
-192 -182 0
-197 -187 0
-192 -232 0
-197 -237 0
-192 -42 0
-197 -47 0
-192 -92 0
-197 -97 0
-192 -142 0
-197 -147 0
-192 -242 0
-197 -247 0
-242 -2 0
-247 -7 0
-242 -52 0
-247 -57 0
-242 -102 0
-247 -107 0
-242 -152 0
-247 -157 0
-242 -202 0
-247 -207 0
-242 -12 0
-247 -17 0
-242 -62 0
-247 -67 0
-242 -112 0
-247 -117 0
-242 -162 0
-247 -167 0
-242 -212 0
-247 -217 0
-242 -22 0
-247 -27 0
-242 -72 0
-247 -77 0
-242 -122 0
-247 -127 0
-242 -172 0
-247 -177 0
-242 -222 0
-247 -227 0
-242 -32 0
-247 -37 0
-242 -82 0
-247 -87 0
-242 -132 0
-247 -137 0
-242 -182 0
-247 -187 0
-242 -232 0
-247 -237 0
-242 -42 0
-247 -47 0
-242 -92 0
-247 -97 0
-242 -142 0
-247 -147 0
-242 -192 0
-247 -197 0
-3 -53 0
-8 -58 0
-3 -103 0
-8 -108 0
-3 -153 0
-8 -158 0
-3 -203 0
-8 -208 0
-3 -13 0
-8 -18 0
-3 -63 0
-8 -68 0
-3 -113 0
-8 -118 0
-3 -163 0
-8 -168 0
-3 -213 0
-8 -218 0
-3 -23 0
-8 -28 0
-3 -73 0
-8 -78 0
-3 -123 0
-8 -128 0
-3 -173 0
-8 -178 0
-3 -223 0
-8 -228 0
-3 -33 0
-8 -38 0
-3 -83 0
-8 -88 0
-3 -133 0
-8 -138 0
-3 -183 0
-8 -188 0
-3 -233 0
-8 -238 0
-3 -43 0
-8 -48 0
-3 -93 0
-8 -98 0
-3 -143 0
-8 -148 0
-3 -193 0
-8 -198 0
-3 -243 0
-8 -248 0
-53 -3 0
-58 -8 0
-53 -103 0
-58 -108 0
-53 -153 0
-58 -158 0
-53 -203 0
-58 -208 0
-53 -13 0
-58 -18 0
-53 -63 0
-58 -68 0
-53 -113 0
-58 -118 0
-53 -163 0
-58 -168 0
-53 -213 0
-58 -218 0
-53 -23 0
-58 -28 0
-53 -73 0
-58 -78 0
-53 -123 0
-58 -128 0
-53 -173 0
-58 -178 0
-53 -223 0
-58 -228 0
-53 -33 0
-58 -38 0
-53 -83 0
-58 -88 0
-53 -133 0
-58 -138 0
-53 -183 0
-58 -188 0
-53 -233 0
-58 -238 0
-53 -43 0
-58 -48 0
-53 -93 0
-58 -98 0
-53 -143 0
-58 -148 0
-53 -193 0
-58 -198 0
-53 -243 0
-58 -248 0
-103 -3 0
-108 -8 0
-103 -53 0
-108 -58 0
-103 -153 0
-108 -158 0
-103 -203 0
-108 -208 0
-103 -13 0
-108 -18 0
-103 -63 0
-108 -68 0
-103 -113 0
-108 -118 0
-103 -163 0
-108 -168 0
-103 -213 0
-108 -218 0
-103 -23 0
-108 -28 0
-103 -73 0
-108 -78 0
-103 -123 0
-108 -128 0
-103 -173 0
-108 -178 0
-103 -223 0
-108 -228 0
-103 -33 0
-108 -38 0
-103 -83 0
-108 -88 0
-103 -133 0
-108 -138 0
-103 -183 0
-108 -188 0
-103 -233 0
-108 -238 0
-103 -43 0
-108 -48 0
-103 -93 0
-108 -98 0
-103 -143 0
-108 -148 0
-103 -193 0
-108 -198 0
-103 -243 0
-108 -248 0
-153 -3 0
-158 -8 0
-153 -53 0
-158 -58 0
-153 -103 0
-158 -108 0
-153 -203 0
-158 -208 0
-153 -13 0
-158 -18 0
-153 -63 0
-158 -68 0
-153 -113 0
-158 -118 0
-153 -163 0
-158 -168 0
-153 -213 0
-158 -218 0
-153 -23 0
-158 -28 0
-153 -73 0
-158 -78 0
-153 -123 0
-158 -128 0
-153 -173 0
-158 -178 0
-153 -223 0
-158 -228 0
-153 -33 0
-158 -38 0
-153 -83 0
-158 -88 0
-153 -133 0
-158 -138 0
-153 -183 0
-158 -188 0
-153 -233 0
-158 -238 0
-153 -43 0
-158 -48 0
-153 -93 0
-158 -98 0
-153 -143 0
-158 -148 0
-153 -193 0
-158 -198 0
-153 -243 0
-158 -248 0
-203 -3 0
-208 -8 0
-203 -53 0
-208 -58 0
-203 -103 0
-208 -108 0
-203 -153 0
-208 -158 0
-203 -13 0
-208 -18 0
-203 -63 0
-208 -68 0
-203 -113 0
-208 -118 0
-203 -163 0
-208 -168 0
-203 -213 0
-208 -218 0
-203 -23 0
-208 -28 0
-203 -73 0
-208 -78 0
-203 -123 0
-208 -128 0
-203 -173 0
-208 -178 0
-203 -223 0
-208 -228 0
-203 -33 0
-208 -38 0
-203 -83 0
-208 -88 0
-203 -133 0
-208 -138 0
-203 -183 0
-208 -188 0
-203 -233 0
-208 -238 0
-203 -43 0
-208 -48 0
-203 -93 0
-208 -98 0
-203 -143 0
-208 -148 0
-203 -193 0
-208 -198 0
-203 -243 0
-208 -248 0
-13 -3 0
-18 -8 0
-13 -53 0
-18 -58 0
-13 -103 0
-18 -108 0
-13 -153 0
-18 -158 0
-13 -203 0
-18 -208 0
-13 -63 0
-18 -68 0
-13 -113 0
-18 -118 0
-13 -163 0
-18 -168 0
-13 -213 0
-18 -218 0
-13 -23 0
-18 -28 0
-13 -73 0
-18 -78 0
-13 -123 0
-18 -128 0
-13 -173 0
-18 -178 0
-13 -223 0
-18 -228 0
-13 -33 0
-18 -38 0
-13 -83 0
-18 -88 0
-13 -133 0
-18 -138 0
-13 -183 0
-18 -188 0
-13 -233 0
-18 -238 0
-13 -43 0
-18 -48 0
-13 -93 0
-18 -98 0
-13 -143 0
-18 -148 0
-13 -193 0
-18 -198 0
-13 -243 0
-18 -248 0
-63 -3 0
-68 -8 0
-63 -53 0
-68 -58 0
-63 -103 0
-68 -108 0
-63 -153 0
-68 -158 0
-63 -203 0
-68 -208 0
-63 -13 0
-68 -18 0
-63 -113 0
-68 -118 0
-63 -163 0
-68 -168 0
-63 -213 0
-68 -218 0
-63 -23 0
-68 -28 0
-63 -73 0
-68 -78 0
-63 -123 0
-68 -128 0
-63 -173 0
-68 -178 0
-63 -223 0
-68 -228 0
-63 -33 0
-68 -38 0
-63 -83 0
-68 -88 0
-63 -133 0
-68 -138 0
-63 -183 0
-68 -188 0
-63 -233 0
-68 -238 0
-63 -43 0
-68 -48 0
-63 -93 0
-68 -98 0
-63 -143 0
-68 -148 0
-63 -193 0
-68 -198 0
-63 -243 0
-68 -248 0
-113 -3 0
-118 -8 0
-113 -53 0
-118 -58 0
-113 -103 0
-118 -108 0
-113 -153 0
-118 -158 0
-113 -203 0
-118 -208 0
-113 -13 0
-118 -18 0
-113 -63 0
-118 -68 0
-113 -163 0
-118 -168 0
-113 -213 0
-118 -218 0
-113 -23 0
-118 -28 0
-113 -73 0
-118 -78 0
-113 -123 0
-118 -128 0
-113 -173 0
-118 -178 0
-113 -223 0
-118 -228 0
-113 -33 0
-118 -38 0
-113 -83 0
-118 -88 0
-113 -133 0
-118 -138 0
-113 -183 0
-118 -188 0
-113 -233 0
-118 -238 0
-113 -43 0
-118 -48 0
-113 -93 0
-118 -98 0
-113 -143 0
-118 -148 0
-113 -193 0
-118 -198 0
-113 -243 0
-118 -248 0
-163 -3 0
-168 -8 0
-163 -53 0
-168 -58 0
-163 -103 0
-168 -108 0
-163 -153 0
-168 -158 0
-163 -203 0
-168 -208 0
-163 -13 0
-168 -18 0
-163 -63 0
-168 -68 0
-163 -113 0
-168 -118 0
-163 -213 0
-168 -218 0
-163 -23 0
-168 -28 0
-163 -73 0
-168 -78 0
-163 -123 0
-168 -128 0
-163 -173 0
-168 -178 0
-163 -223 0
-168 -228 0
-163 -33 0
-168 -38 0
-163 -83 0
-168 -88 0
-163 -133 0
-168 -138 0
-163 -183 0
-168 -188 0
-163 -233 0
-168 -238 0
-163 -43 0
-168 -48 0
-163 -93 0
-168 -98 0
-163 -143 0
-168 -148 0
-163 -193 0
-168 -198 0
-163 -243 0
-168 -248 0
-213 -3 0
-218 -8 0
-213 -53 0
-218 -58 0
-213 -103 0
-218 -108 0
-213 -153 0
-218 -158 0
-213 -203 0
-218 -208 0
-213 -13 0
-218 -18 0
-213 -63 0
-218 -68 0
-213 -113 0
-218 -118 0
-213 -163 0
-218 -168 0
-213 -23 0
-218 -28 0
-213 -73 0
-218 -78 0
-213 -123 0
-218 -128 0
-213 -173 0
-218 -178 0
-213 -223 0
-218 -228 0
-213 -33 0
-218 -38 0
-213 -83 0
-218 -88 0
-213 -133 0
-218 -138 0
-213 -183 0
-218 -188 0
-213 -233 0
-218 -238 0
-213 -43 0
-218 -48 0
-213 -93 0
-218 -98 0
-213 -143 0
-218 -148 0
-213 -193 0
-218 -198 0
-213 -243 0
-218 -248 0
-23 -3 0
-28 -8 0
-23 -53 0
-28 -58 0
-23 -103 0
-28 -108 0
-23 -153 0
-28 -158 0
-23 -203 0
-28 -208 0
-23 -13 0
-28 -18 0
-23 -63 0
-28 -68 0
-23 -113 0
-28 -118 0
-23 -163 0
-28 -168 0
-23 -213 0
-28 -218 0
-23 -73 0
-28 -78 0
-23 -123 0
-28 -128 0
-23 -173 0
-28 -178 0
-23 -223 0
-28 -228 0
-23 -33 0
-28 -38 0
-23 -83 0
-28 -88 0
-23 -133 0
-28 -138 0
-23 -183 0
-28 -188 0
-23 -233 0
-28 -238 0
-23 -43 0
-28 -48 0
-23 -93 0
-28 -98 0
-23 -143 0
-28 -148 0
-23 -193 0
-28 -198 0
-23 -243 0
-28 -248 0
-73 -3 0
-78 -8 0
-73 -53 0
-78 -58 0
-73 -103 0
-78 -108 0
-73 -153 0
-78 -158 0
-73 -203 0
-78 -208 0
-73 -13 0
-78 -18 0
-73 -63 0
-78 -68 0
-73 -113 0
-78 -118 0
-73 -163 0
-78 -168 0
-73 -213 0
-78 -218 0
-73 -23 0
-78 -28 0
-73 -123 0
-78 -128 0
-73 -173 0
-78 -178 0
-73 -223 0
-78 -228 0
-73 -33 0
-78 -38 0
-73 -83 0
-78 -88 0
-73 -133 0
-78 -138 0
-73 -183 0
-78 -188 0
-73 -233 0
-78 -238 0
-73 -43 0
-78 -48 0
-73 -93 0
-78 -98 0
-73 -143 0
-78 -148 0
-73 -193 0
-78 -198 0
-73 -243 0
-78 -248 0
-123 -3 0
-128 -8 0
-123 -53 0
-128 -58 0
-123 -103 0
-128 -108 0
-123 -153 0
-128 -158 0
-123 -203 0
-128 -208 0
-123 -13 0
-128 -18 0
-123 -63 0
-128 -68 0
-123 -113 0
-128 -118 0
-123 -163 0
-128 -168 0
-123 -213 0
-128 -218 0
-123 -23 0
-128 -28 0
-123 -73 0
-128 -78 0
-123 -173 0
-128 -178 0
-123 -223 0
-128 -228 0
-123 -33 0
-128 -38 0
-123 -83 0
-128 -88 0
-123 -133 0
-128 -138 0
-123 -183 0
-128 -188 0
-123 -233 0
-128 -238 0
-123 -43 0
-128 -48 0
-123 -93 0
-128 -98 0
-123 -143 0
-128 -148 0
-123 -193 0
-128 -198 0
-123 -243 0
-128 -248 0
-173 -3 0
-178 -8 0
-173 -53 0
-178 -58 0
-173 -103 0
-178 -108 0
-173 -153 0
-178 -158 0
-173 -203 0
-178 -208 0
-173 -13 0
-178 -18 0
-173 -63 0
-178 -68 0
-173 -113 0
-178 -118 0
-173 -163 0
-178 -168 0
-173 -213 0
-178 -218 0
-173 -23 0
-178 -28 0
-173 -73 0
-178 -78 0
-173 -123 0
-178 -128 0
-173 -223 0
-178 -228 0
-173 -33 0
-178 -38 0
-173 -83 0
-178 -88 0
-173 -133 0
-178 -138 0
-173 -183 0
-178 -188 0
-173 -233 0
-178 -238 0
-173 -43 0
-178 -48 0
-173 -93 0
-178 -98 0
-173 -143 0
-178 -148 0
-173 -193 0
-178 -198 0
-173 -243 0
-178 -248 0
-223 -3 0
-228 -8 0
-223 -53 0
-228 -58 0
-223 -103 0
-228 -108 0
-223 -153 0
-228 -158 0
-223 -203 0
-228 -208 0
-223 -13 0
-228 -18 0
-223 -63 0
-228 -68 0
-223 -113 0
-228 -118 0
-223 -163 0
-228 -168 0
-223 -213 0
-228 -218 0
-223 -23 0
-228 -28 0
-223 -73 0
-228 -78 0
-223 -123 0
-228 -128 0
-223 -173 0
-228 -178 0
-223 -33 0
-228 -38 0
-223 -83 0
-228 -88 0
-223 -133 0
-228 -138 0
-223 -183 0
-228 -188 0
-223 -233 0
-228 -238 0
-223 -43 0
-228 -48 0
-223 -93 0
-228 -98 0
-223 -143 0
-228 -148 0
-223 -193 0
-228 -198 0
-223 -243 0
-228 -248 0
-33 -3 0
-38 -8 0
-33 -53 0
-38 -58 0
-33 -103 0
-38 -108 0
-33 -153 0
-38 -158 0
-33 -203 0
-38 -208 0
-33 -13 0
-38 -18 0
-33 -63 0
-38 -68 0
-33 -113 0
-38 -118 0
-33 -163 0
-38 -168 0
-33 -213 0
-38 -218 0
-33 -23 0
-38 -28 0
-33 -73 0
-38 -78 0
-33 -123 0
-38 -128 0
-33 -173 0
-38 -178 0
-33 -223 0
-38 -228 0
-33 -83 0
-38 -88 0
-33 -133 0
-38 -138 0
-33 -183 0
-38 -188 0
-33 -233 0
-38 -238 0
-33 -43 0
-38 -48 0
-33 -93 0
-38 -98 0
-33 -143 0
-38 -148 0
-33 -193 0
-38 -198 0
-33 -243 0
-38 -248 0
-83 -3 0
-88 -8 0
-83 -53 0
-88 -58 0
-83 -103 0
-88 -108 0
-83 -153 0
-88 -158 0
-83 -203 0
-88 -208 0
-83 -13 0
-88 -18 0
-83 -63 0
-88 -68 0
-83 -113 0
-88 -118 0
-83 -163 0
-88 -168 0
-83 -213 0
-88 -218 0
-83 -23 0
-88 -28 0
-83 -73 0
-88 -78 0
-83 -123 0
-88 -128 0
-83 -173 0
-88 -178 0
-83 -223 0
-88 -228 0
-83 -33 0
-88 -38 0
-83 -133 0
-88 -138 0
-83 -183 0
-88 -188 0
-83 -233 0
-88 -238 0
-83 -43 0
-88 -48 0
-83 -93 0
-88 -98 0
-83 -143 0
-88 -148 0
-83 -193 0
-88 -198 0
-83 -243 0
-88 -248 0
-133 -3 0
-138 -8 0
-133 -53 0
-138 -58 0
-133 -103 0
-138 -108 0
-133 -153 0
-138 -158 0
-133 -203 0
-138 -208 0
-133 -13 0
-138 -18 0
-133 -63 0
-138 -68 0
-133 -113 0
-138 -118 0
-133 -163 0
-138 -168 0
-133 -213 0
-138 -218 0
-133 -23 0
-138 -28 0
-133 -73 0
-138 -78 0
-133 -123 0
-138 -128 0
-133 -173 0
-138 -178 0
-133 -223 0
-138 -228 0
-133 -33 0
-138 -38 0
-133 -83 0
-138 -88 0
-133 -183 0
-138 -188 0
-133 -233 0
-138 -238 0
-133 -43 0
-138 -48 0
-133 -93 0
-138 -98 0
-133 -143 0
-138 -148 0
-133 -193 0
-138 -198 0
-133 -243 0
-138 -248 0
-183 -3 0
-188 -8 0
-183 -53 0
-188 -58 0
-183 -103 0
-188 -108 0
-183 -153 0
-188 -158 0
-183 -203 0
-188 -208 0
-183 -13 0
-188 -18 0
-183 -63 0
-188 -68 0
-183 -113 0
-188 -118 0
-183 -163 0
-188 -168 0
-183 -213 0
-188 -218 0
-183 -23 0
-188 -28 0
-183 -73 0
-188 -78 0
-183 -123 0
-188 -128 0
-183 -173 0
-188 -178 0
-183 -223 0
-188 -228 0
-183 -33 0
-188 -38 0
-183 -83 0
-188 -88 0
-183 -133 0
-188 -138 0
-183 -233 0
-188 -238 0
-183 -43 0
-188 -48 0
-183 -93 0
-188 -98 0
-183 -143 0
-188 -148 0
-183 -193 0
-188 -198 0
-183 -243 0
-188 -248 0
-233 -3 0
-238 -8 0
-233 -53 0
-238 -58 0
-233 -103 0
-238 -108 0
-233 -153 0
-238 -158 0
-233 -203 0
-238 -208 0
-233 -13 0
-238 -18 0
-233 -63 0
-238 -68 0
-233 -113 0
-238 -118 0
-233 -163 0
-238 -168 0
-233 -213 0
-238 -218 0
-233 -23 0
-238 -28 0
-233 -73 0
-238 -78 0
-233 -123 0
-238 -128 0
-233 -173 0
-238 -178 0
-233 -223 0
-238 -228 0
-233 -33 0
-238 -38 0
-233 -83 0
-238 -88 0
-233 -133 0
-238 -138 0
-233 -183 0
-238 -188 0
-233 -43 0
-238 -48 0
-233 -93 0
-238 -98 0
-233 -143 0
-238 -148 0
-233 -193 0
-238 -198 0
-233 -243 0
-238 -248 0
-43 -3 0
-48 -8 0
-43 -53 0
-48 -58 0
-43 -103 0
-48 -108 0
-43 -153 0
-48 -158 0
-43 -203 0
-48 -208 0
-43 -13 0
-48 -18 0
-43 -63 0
-48 -68 0
-43 -113 0
-48 -118 0
-43 -163 0
-48 -168 0
-43 -213 0
-48 -218 0
-43 -23 0
-48 -28 0
-43 -73 0
-48 -78 0
-43 -123 0
-48 -128 0
-43 -173 0
-48 -178 0
-43 -223 0
-48 -228 0
-43 -33 0
-48 -38 0
-43 -83 0
-48 -88 0
-43 -133 0
-48 -138 0
-43 -183 0
-48 -188 0
-43 -233 0
-48 -238 0
-43 -93 0
-48 -98 0
-43 -143 0
-48 -148 0
-43 -193 0
-48 -198 0
-43 -243 0
-48 -248 0
-93 -3 0
-98 -8 0
-93 -53 0
-98 -58 0
-93 -103 0
-98 -108 0
-93 -153 0
-98 -158 0
-93 -203 0
-98 -208 0
-93 -13 0
-98 -18 0
-93 -63 0
-98 -68 0
-93 -113 0
-98 -118 0
-93 -163 0
-98 -168 0
-93 -213 0
-98 -218 0
-93 -23 0
-98 -28 0
-93 -73 0
-98 -78 0
-93 -123 0
-98 -128 0
-93 -173 0
-98 -178 0
-93 -223 0
-98 -228 0
-93 -33 0
-98 -38 0
-93 -83 0
-98 -88 0
-93 -133 0
-98 -138 0
-93 -183 0
-98 -188 0
-93 -233 0
-98 -238 0
-93 -43 0
-98 -48 0
-93 -143 0
-98 -148 0
-93 -193 0
-98 -198 0
-93 -243 0
-98 -248 0
-143 -3 0
-148 -8 0
-143 -53 0
-148 -58 0
-143 -103 0
-148 -108 0
-143 -153 0
-148 -158 0
-143 -203 0
-148 -208 0
-143 -13 0
-148 -18 0
-143 -63 0
-148 -68 0
-143 -113 0
-148 -118 0
-143 -163 0
-148 -168 0
-143 -213 0
-148 -218 0
-143 -23 0
-148 -28 0
-143 -73 0
-148 -78 0
-143 -123 0
-148 -128 0
-143 -173 0
-148 -178 0
-143 -223 0
-148 -228 0
-143 -33 0
-148 -38 0
-143 -83 0
-148 -88 0
-143 -133 0
-148 -138 0
-143 -183 0
-148 -188 0
-143 -233 0
-148 -238 0
-143 -43 0
-148 -48 0
-143 -93 0
-148 -98 0
-143 -193 0
-148 -198 0
-143 -243 0
-148 -248 0
-193 -3 0
-198 -8 0
-193 -53 0
-198 -58 0
-193 -103 0
-198 -108 0
-193 -153 0
-198 -158 0
-193 -203 0
-198 -208 0
-193 -13 0
-198 -18 0
-193 -63 0
-198 -68 0
-193 -113 0
-198 -118 0
-193 -163 0
-198 -168 0
-193 -213 0
-198 -218 0
-193 -23 0
-198 -28 0
-193 -73 0
-198 -78 0
-193 -123 0
-198 -128 0
-193 -173 0
-198 -178 0
-193 -223 0
-198 -228 0
-193 -33 0
-198 -38 0
-193 -83 0
-198 -88 0
-193 -133 0
-198 -138 0
-193 -183 0
-198 -188 0
-193 -233 0
-198 -238 0
-193 -43 0
-198 -48 0
-193 -93 0
-198 -98 0
-193 -143 0
-198 -148 0
-193 -243 0
-198 -248 0
-243 -3 0
-248 -8 0
-243 -53 0
-248 -58 0
-243 -103 0
-248 -108 0
-243 -153 0
-248 -158 0
-243 -203 0
-248 -208 0
-243 -13 0
-248 -18 0
-243 -63 0
-248 -68 0
-243 -113 0
-248 -118 0
-243 -163 0
-248 -168 0
-243 -213 0
-248 -218 0
-243 -23 0
-248 -28 0
-243 -73 0
-248 -78 0
-243 -123 0
-248 -128 0
-243 -173 0
-248 -178 0
-243 -223 0
-248 -228 0
-243 -33 0
-248 -38 0
-243 -83 0
-248 -88 0
-243 -133 0
-248 -138 0
-243 -183 0
-248 -188 0
-243 -233 0
-248 -238 0
-243 -43 0
-248 -48 0
-243 -93 0
-248 -98 0
-243 -143 0
-248 -148 0
-243 -193 0
-248 -198 0
-4 -54 0
-9 -59 0
-4 -104 0
-9 -109 0
-4 -154 0
-9 -159 0
-4 -204 0
-9 -209 0
-4 -14 0
-9 -19 0
-4 -64 0
-9 -69 0
-4 -114 0
-9 -119 0
-4 -164 0
-9 -169 0
-4 -214 0
-9 -219 0
-4 -24 0
-9 -29 0
-4 -74 0
-9 -79 0
-4 -124 0
-9 -129 0
-4 -174 0
-9 -179 0
-4 -224 0
-9 -229 0
-4 -34 0
-9 -39 0
-4 -84 0
-9 -89 0
-4 -134 0
-9 -139 0
-4 -184 0
-9 -189 0
-4 -234 0
-9 -239 0
-4 -44 0
-9 -49 0
-4 -94 0
-9 -99 0
-4 -144 0
-9 -149 0
-4 -194 0
-9 -199 0
-4 -244 0
-9 -249 0
-54 -4 0
-59 -9 0
-54 -104 0
-59 -109 0
-54 -154 0
-59 -159 0
-54 -204 0
-59 -209 0
-54 -14 0
-59 -19 0
-54 -64 0
-59 -69 0
-54 -114 0
-59 -119 0
-54 -164 0
-59 -169 0
-54 -214 0
-59 -219 0
-54 -24 0
-59 -29 0
-54 -74 0
-59 -79 0
-54 -124 0
-59 -129 0
-54 -174 0
-59 -179 0
-54 -224 0
-59 -229 0
-54 -34 0
-59 -39 0
-54 -84 0
-59 -89 0
-54 -134 0
-59 -139 0
-54 -184 0
-59 -189 0
-54 -234 0
-59 -239 0
-54 -44 0
-59 -49 0
-54 -94 0
-59 -99 0
-54 -144 0
-59 -149 0
-54 -194 0
-59 -199 0
-54 -244 0
-59 -249 0
-104 -4 0
-109 -9 0
-104 -54 0
-109 -59 0
-104 -154 0
-109 -159 0
-104 -204 0
-109 -209 0
-104 -14 0
-109 -19 0
-104 -64 0
-109 -69 0
-104 -114 0
-109 -119 0
-104 -164 0
-109 -169 0
-104 -214 0
-109 -219 0
-104 -24 0
-109 -29 0
-104 -74 0
-109 -79 0
-104 -124 0
-109 -129 0
-104 -174 0
-109 -179 0
-104 -224 0
-109 -229 0
-104 -34 0
-109 -39 0
-104 -84 0
-109 -89 0
-104 -134 0
-109 -139 0
-104 -184 0
-109 -189 0
-104 -234 0
-109 -239 0
-104 -44 0
-109 -49 0
-104 -94 0
-109 -99 0
-104 -144 0
-109 -149 0
-104 -194 0
-109 -199 0
-104 -244 0
-109 -249 0
-154 -4 0
-159 -9 0
-154 -54 0
-159 -59 0
-154 -104 0
-159 -109 0
-154 -204 0
-159 -209 0
-154 -14 0
-159 -19 0
-154 -64 0
-159 -69 0
-154 -114 0
-159 -119 0
-154 -164 0
-159 -169 0
-154 -214 0
-159 -219 0
-154 -24 0
-159 -29 0
-154 -74 0
-159 -79 0
-154 -124 0
-159 -129 0
-154 -174 0
-159 -179 0
-154 -224 0
-159 -229 0
-154 -34 0
-159 -39 0
-154 -84 0
-159 -89 0
-154 -134 0
-159 -139 0
-154 -184 0
-159 -189 0
-154 -234 0
-159 -239 0
-154 -44 0
-159 -49 0
-154 -94 0
-159 -99 0
-154 -144 0
-159 -149 0
-154 -194 0
-159 -199 0
-154 -244 0
-159 -249 0
-204 -4 0
-209 -9 0
-204 -54 0
-209 -59 0
-204 -104 0
-209 -109 0
-204 -154 0
-209 -159 0
-204 -14 0
-209 -19 0
-204 -64 0
-209 -69 0
-204 -114 0
-209 -119 0
-204 -164 0
-209 -169 0
-204 -214 0
-209 -219 0
-204 -24 0
-209 -29 0
-204 -74 0
-209 -79 0
-204 -124 0
-209 -129 0
-204 -174 0
-209 -179 0
-204 -224 0
-209 -229 0
-204 -34 0
-209 -39 0
-204 -84 0
-209 -89 0
-204 -134 0
-209 -139 0
-204 -184 0
-209 -189 0
-204 -234 0
-209 -239 0
-204 -44 0
-209 -49 0
-204 -94 0
-209 -99 0
-204 -144 0
-209 -149 0
-204 -194 0
-209 -199 0
-204 -244 0
-209 -249 0
-14 -4 0
-19 -9 0
-14 -54 0
-19 -59 0
-14 -104 0
-19 -109 0
-14 -154 0
-19 -159 0
-14 -204 0
-19 -209 0
-14 -64 0
-19 -69 0
-14 -114 0
-19 -119 0
-14 -164 0
-19 -169 0
-14 -214 0
-19 -219 0
-14 -24 0
-19 -29 0
-14 -74 0
-19 -79 0
-14 -124 0
-19 -129 0
-14 -174 0
-19 -179 0
-14 -224 0
-19 -229 0
-14 -34 0
-19 -39 0
-14 -84 0
-19 -89 0
-14 -134 0
-19 -139 0
-14 -184 0
-19 -189 0
-14 -234 0
-19 -239 0
-14 -44 0
-19 -49 0
-14 -94 0
-19 -99 0
-14 -144 0
-19 -149 0
-14 -194 0
-19 -199 0
-14 -244 0
-19 -249 0
-64 -4 0
-69 -9 0
-64 -54 0
-69 -59 0
-64 -104 0
-69 -109 0
-64 -154 0
-69 -159 0
-64 -204 0
-69 -209 0
-64 -14 0
-69 -19 0
-64 -114 0
-69 -119 0
-64 -164 0
-69 -169 0
-64 -214 0
-69 -219 0
-64 -24 0
-69 -29 0
-64 -74 0
-69 -79 0
-64 -124 0
-69 -129 0
-64 -174 0
-69 -179 0
-64 -224 0
-69 -229 0
-64 -34 0
-69 -39 0
-64 -84 0
-69 -89 0
-64 -134 0
-69 -139 0
-64 -184 0
-69 -189 0
-64 -234 0
-69 -239 0
-64 -44 0
-69 -49 0
-64 -94 0
-69 -99 0
-64 -144 0
-69 -149 0
-64 -194 0
-69 -199 0
-64 -244 0
-69 -249 0
-114 -4 0
-119 -9 0
-114 -54 0
-119 -59 0
-114 -104 0
-119 -109 0
-114 -154 0
-119 -159 0
-114 -204 0
-119 -209 0
-114 -14 0
-119 -19 0
-114 -64 0
-119 -69 0
-114 -164 0
-119 -169 0
-114 -214 0
-119 -219 0
-114 -24 0
-119 -29 0
-114 -74 0
-119 -79 0
-114 -124 0
-119 -129 0
-114 -174 0
-119 -179 0
-114 -224 0
-119 -229 0
-114 -34 0
-119 -39 0
-114 -84 0
-119 -89 0
-114 -134 0
-119 -139 0
-114 -184 0
-119 -189 0
-114 -234 0
-119 -239 0
-114 -44 0
-119 -49 0
-114 -94 0
-119 -99 0
-114 -144 0
-119 -149 0
-114 -194 0
-119 -199 0
-114 -244 0
-119 -249 0
-164 -4 0
-169 -9 0
-164 -54 0
-169 -59 0
-164 -104 0
-169 -109 0
-164 -154 0
-169 -159 0
-164 -204 0
-169 -209 0
-164 -14 0
-169 -19 0
-164 -64 0
-169 -69 0
-164 -114 0
-169 -119 0
-164 -214 0
-169 -219 0
-164 -24 0
-169 -29 0
-164 -74 0
-169 -79 0
-164 -124 0
-169 -129 0
-164 -174 0
-169 -179 0
-164 -224 0
-169 -229 0
-164 -34 0
-169 -39 0
-164 -84 0
-169 -89 0
-164 -134 0
-169 -139 0
-164 -184 0
-169 -189 0
-164 -234 0
-169 -239 0
-164 -44 0
-169 -49 0
-164 -94 0
-169 -99 0
-164 -144 0
-169 -149 0
-164 -194 0
-169 -199 0
-164 -244 0
-169 -249 0
-214 -4 0
-219 -9 0
-214 -54 0
-219 -59 0
-214 -104 0
-219 -109 0
-214 -154 0
-219 -159 0
-214 -204 0
-219 -209 0
-214 -14 0
-219 -19 0
-214 -64 0
-219 -69 0
-214 -114 0
-219 -119 0
-214 -164 0
-219 -169 0
-214 -24 0
-219 -29 0
-214 -74 0
-219 -79 0
-214 -124 0
-219 -129 0
-214 -174 0
-219 -179 0
-214 -224 0
-219 -229 0
-214 -34 0
-219 -39 0
-214 -84 0
-219 -89 0
-214 -134 0
-219 -139 0
-214 -184 0
-219 -189 0
-214 -234 0
-219 -239 0
-214 -44 0
-219 -49 0
-214 -94 0
-219 -99 0
-214 -144 0
-219 -149 0
-214 -194 0
-219 -199 0
-214 -244 0
-219 -249 0
-24 -4 0
-29 -9 0
-24 -54 0
-29 -59 0
-24 -104 0
-29 -109 0
-24 -154 0
-29 -159 0
-24 -204 0
-29 -209 0
-24 -14 0
-29 -19 0
-24 -64 0
-29 -69 0
-24 -114 0
-29 -119 0
-24 -164 0
-29 -169 0
-24 -214 0
-29 -219 0
-24 -74 0
-29 -79 0
-24 -124 0
-29 -129 0
-24 -174 0
-29 -179 0
-24 -224 0
-29 -229 0
-24 -34 0
-29 -39 0
-24 -84 0
-29 -89 0
-24 -134 0
-29 -139 0
-24 -184 0
-29 -189 0
-24 -234 0
-29 -239 0
-24 -44 0
-29 -49 0
-24 -94 0
-29 -99 0
-24 -144 0
-29 -149 0
-24 -194 0
-29 -199 0
-24 -244 0
-29 -249 0
-74 -4 0
-79 -9 0
-74 -54 0
-79 -59 0
-74 -104 0
-79 -109 0
-74 -154 0
-79 -159 0
-74 -204 0
-79 -209 0
-74 -14 0
-79 -19 0
-74 -64 0
-79 -69 0
-74 -114 0
-79 -119 0
-74 -164 0
-79 -169 0
-74 -214 0
-79 -219 0
-74 -24 0
-79 -29 0
-74 -124 0
-79 -129 0
-74 -174 0
-79 -179 0
-74 -224 0
-79 -229 0
-74 -34 0
-79 -39 0
-74 -84 0
-79 -89 0
-74 -134 0
-79 -139 0
-74 -184 0
-79 -189 0
-74 -234 0
-79 -239 0
-74 -44 0
-79 -49 0
-74 -94 0
-79 -99 0
-74 -144 0
-79 -149 0
-74 -194 0
-79 -199 0
-74 -244 0
-79 -249 0
-124 -4 0
-129 -9 0
-124 -54 0
-129 -59 0
-124 -104 0
-129 -109 0
-124 -154 0
-129 -159 0
-124 -204 0
-129 -209 0
-124 -14 0
-129 -19 0
-124 -64 0
-129 -69 0
-124 -114 0
-129 -119 0
-124 -164 0
-129 -169 0
-124 -214 0
-129 -219 0
-124 -24 0
-129 -29 0
-124 -74 0
-129 -79 0
-124 -174 0
-129 -179 0
-124 -224 0
-129 -229 0
-124 -34 0
-129 -39 0
-124 -84 0
-129 -89 0
-124 -134 0
-129 -139 0
-124 -184 0
-129 -189 0
-124 -234 0
-129 -239 0
-124 -44 0
-129 -49 0
-124 -94 0
-129 -99 0
-124 -144 0
-129 -149 0
-124 -194 0
-129 -199 0
-124 -244 0
-129 -249 0
-174 -4 0
-179 -9 0
-174 -54 0
-179 -59 0
-174 -104 0
-179 -109 0
-174 -154 0
-179 -159 0
-174 -204 0
-179 -209 0
-174 -14 0
-179 -19 0
-174 -64 0
-179 -69 0
-174 -114 0
-179 -119 0
-174 -164 0
-179 -169 0
-174 -214 0
-179 -219 0
-174 -24 0
-179 -29 0
-174 -74 0
-179 -79 0
-174 -124 0
-179 -129 0
-174 -224 0
-179 -229 0
-174 -34 0
-179 -39 0
-174 -84 0
-179 -89 0
-174 -134 0
-179 -139 0
-174 -184 0
-179 -189 0
-174 -234 0
-179 -239 0
-174 -44 0
-179 -49 0
-174 -94 0
-179 -99 0
-174 -144 0
-179 -149 0
-174 -194 0
-179 -199 0
-174 -244 0
-179 -249 0
-224 -4 0
-229 -9 0
-224 -54 0
-229 -59 0
-224 -104 0
-229 -109 0
-224 -154 0
-229 -159 0
-224 -204 0
-229 -209 0
-224 -14 0
-229 -19 0
-224 -64 0
-229 -69 0
-224 -114 0
-229 -119 0
-224 -164 0
-229 -169 0
-224 -214 0
-229 -219 0
-224 -24 0
-229 -29 0
-224 -74 0
-229 -79 0
-224 -124 0
-229 -129 0
-224 -174 0
-229 -179 0
-224 -34 0
-229 -39 0
-224 -84 0
-229 -89 0
-224 -134 0
-229 -139 0
-224 -184 0
-229 -189 0
-224 -234 0
-229 -239 0
-224 -44 0
-229 -49 0
-224 -94 0
-229 -99 0
-224 -144 0
-229 -149 0
-224 -194 0
-229 -199 0
-224 -244 0
-229 -249 0
-34 -4 0
-39 -9 0
-34 -54 0
-39 -59 0
-34 -104 0
-39 -109 0
-34 -154 0
-39 -159 0
-34 -204 0
-39 -209 0
-34 -14 0
-39 -19 0
-34 -64 0
-39 -69 0
-34 -114 0
-39 -119 0
-34 -164 0
-39 -169 0
-34 -214 0
-39 -219 0
-34 -24 0
-39 -29 0
-34 -74 0
-39 -79 0
-34 -124 0
-39 -129 0
-34 -174 0
-39 -179 0
-34 -224 0
-39 -229 0
-34 -84 0
-39 -89 0
-34 -134 0
-39 -139 0
-34 -184 0
-39 -189 0
-34 -234 0
-39 -239 0
-34 -44 0
-39 -49 0
-34 -94 0
-39 -99 0
-34 -144 0
-39 -149 0
-34 -194 0
-39 -199 0
-34 -244 0
-39 -249 0
-84 -4 0
-89 -9 0
-84 -54 0
-89 -59 0
-84 -104 0
-89 -109 0
-84 -154 0
-89 -159 0
-84 -204 0
-89 -209 0
-84 -14 0
-89 -19 0
-84 -64 0
-89 -69 0
-84 -114 0
-89 -119 0
-84 -164 0
-89 -169 0
-84 -214 0
-89 -219 0
-84 -24 0
-89 -29 0
-84 -74 0
-89 -79 0
-84 -124 0
-89 -129 0
-84 -174 0
-89 -179 0
-84 -224 0
-89 -229 0
-84 -34 0
-89 -39 0
-84 -134 0
-89 -139 0
-84 -184 0
-89 -189 0
-84 -234 0
-89 -239 0
-84 -44 0
-89 -49 0
-84 -94 0
-89 -99 0
-84 -144 0
-89 -149 0
-84 -194 0
-89 -199 0
-84 -244 0
-89 -249 0
-134 -4 0
-139 -9 0
-134 -54 0
-139 -59 0
-134 -104 0
-139 -109 0
-134 -154 0
-139 -159 0
-134 -204 0
-139 -209 0
-134 -14 0
-139 -19 0
-134 -64 0
-139 -69 0
-134 -114 0
-139 -119 0
-134 -164 0
-139 -169 0
-134 -214 0
-139 -219 0
-134 -24 0
-139 -29 0
-134 -74 0
-139 -79 0
-134 -124 0
-139 -129 0
-134 -174 0
-139 -179 0
-134 -224 0
-139 -229 0
-134 -34 0
-139 -39 0
-134 -84 0
-139 -89 0
-134 -184 0
-139 -189 0
-134 -234 0
-139 -239 0
-134 -44 0
-139 -49 0
-134 -94 0
-139 -99 0
-134 -144 0
-139 -149 0
-134 -194 0
-139 -199 0
-134 -244 0
-139 -249 0
-184 -4 0
-189 -9 0
-184 -54 0
-189 -59 0
-184 -104 0
-189 -109 0
-184 -154 0
-189 -159 0
-184 -204 0
-189 -209 0
-184 -14 0
-189 -19 0
-184 -64 0
-189 -69 0
-184 -114 0
-189 -119 0
-184 -164 0
-189 -169 0
-184 -214 0
-189 -219 0
-184 -24 0
-189 -29 0
-184 -74 0
-189 -79 0
-184 -124 0
-189 -129 0
-184 -174 0
-189 -179 0
-184 -224 0
-189 -229 0
-184 -34 0
-189 -39 0
-184 -84 0
-189 -89 0
-184 -134 0
-189 -139 0
-184 -234 0
-189 -239 0
-184 -44 0
-189 -49 0
-184 -94 0
-189 -99 0
-184 -144 0
-189 -149 0
-184 -194 0
-189 -199 0
-184 -244 0
-189 -249 0
-234 -4 0
-239 -9 0
-234 -54 0
-239 -59 0
-234 -104 0
-239 -109 0
-234 -154 0
-239 -159 0
-234 -204 0
-239 -209 0
-234 -14 0
-239 -19 0
-234 -64 0
-239 -69 0
-234 -114 0
-239 -119 0
-234 -164 0
-239 -169 0
-234 -214 0
-239 -219 0
-234 -24 0
-239 -29 0
-234 -74 0
-239 -79 0
-234 -124 0
-239 -129 0
-234 -174 0
-239 -179 0
-234 -224 0
-239 -229 0
-234 -34 0
-239 -39 0
-234 -84 0
-239 -89 0
-234 -134 0
-239 -139 0
-234 -184 0
-239 -189 0
-234 -44 0
-239 -49 0
-234 -94 0
-239 -99 0
-234 -144 0
-239 -149 0
-234 -194 0
-239 -199 0
-234 -244 0
-239 -249 0
-44 -4 0
-49 -9 0
-44 -54 0
-49 -59 0
-44 -104 0
-49 -109 0
-44 -154 0
-49 -159 0
-44 -204 0
-49 -209 0
-44 -14 0
-49 -19 0
-44 -64 0
-49 -69 0
-44 -114 0
-49 -119 0
-44 -164 0
-49 -169 0
-44 -214 0
-49 -219 0
-44 -24 0
-49 -29 0
-44 -74 0
-49 -79 0
-44 -124 0
-49 -129 0
-44 -174 0
-49 -179 0
-44 -224 0
-49 -229 0
-44 -34 0
-49 -39 0
-44 -84 0
-49 -89 0
-44 -134 0
-49 -139 0
-44 -184 0
-49 -189 0
-44 -234 0
-49 -239 0
-44 -94 0
-49 -99 0
-44 -144 0
-49 -149 0
-44 -194 0
-49 -199 0
-44 -244 0
-49 -249 0
-94 -4 0
-99 -9 0
-94 -54 0
-99 -59 0
-94 -104 0
-99 -109 0
-94 -154 0
-99 -159 0
-94 -204 0
-99 -209 0
-94 -14 0
-99 -19 0
-94 -64 0
-99 -69 0
-94 -114 0
-99 -119 0
-94 -164 0
-99 -169 0
-94 -214 0
-99 -219 0
-94 -24 0
-99 -29 0
-94 -74 0
-99 -79 0
-94 -124 0
-99 -129 0
-94 -174 0
-99 -179 0
-94 -224 0
-99 -229 0
-94 -34 0
-99 -39 0
-94 -84 0
-99 -89 0
-94 -134 0
-99 -139 0
-94 -184 0
-99 -189 0
-94 -234 0
-99 -239 0
-94 -44 0
-99 -49 0
-94 -144 0
-99 -149 0
-94 -194 0
-99 -199 0
-94 -244 0
-99 -249 0
-144 -4 0
-149 -9 0
-144 -54 0
-149 -59 0
-144 -104 0
-149 -109 0
-144 -154 0
-149 -159 0
-144 -204 0
-149 -209 0
-144 -14 0
-149 -19 0
-144 -64 0
-149 -69 0
-144 -114 0
-149 -119 0
-144 -164 0
-149 -169 0
-144 -214 0
-149 -219 0
-144 -24 0
-149 -29 0
-144 -74 0
-149 -79 0
-144 -124 0
-149 -129 0
-144 -174 0
-149 -179 0
-144 -224 0
-149 -229 0
-144 -34 0
-149 -39 0
-144 -84 0
-149 -89 0
-144 -134 0
-149 -139 0
-144 -184 0
-149 -189 0
-144 -234 0
-149 -239 0
-144 -44 0
-149 -49 0
-144 -94 0
-149 -99 0
-144 -194 0
-149 -199 0
-144 -244 0
-149 -249 0
-194 -4 0
-199 -9 0
-194 -54 0
-199 -59 0
-194 -104 0
-199 -109 0
-194 -154 0
-199 -159 0
-194 -204 0
-199 -209 0
-194 -14 0
-199 -19 0
-194 -64 0
-199 -69 0
-194 -114 0
-199 -119 0
-194 -164 0
-199 -169 0
-194 -214 0
-199 -219 0
-194 -24 0
-199 -29 0
-194 -74 0
-199 -79 0
-194 -124 0
-199 -129 0
-194 -174 0
-199 -179 0
-194 -224 0
-199 -229 0
-194 -34 0
-199 -39 0
-194 -84 0
-199 -89 0
-194 -134 0
-199 -139 0
-194 -184 0
-199 -189 0
-194 -234 0
-199 -239 0
-194 -44 0
-199 -49 0
-194 -94 0
-199 -99 0
-194 -144 0
-199 -149 0
-194 -244 0
-199 -249 0
-244 -4 0
-249 -9 0
-244 -54 0
-249 -59 0
-244 -104 0
-249 -109 0
-244 -154 0
-249 -159 0
-244 -204 0
-249 -209 0
-244 -14 0
-249 -19 0
-244 -64 0
-249 -69 0
-244 -114 0
-249 -119 0
-244 -164 0
-249 -169 0
-244 -214 0
-249 -219 0
-244 -24 0
-249 -29 0
-244 -74 0
-249 -79 0
-244 -124 0
-249 -129 0
-244 -174 0
-249 -179 0
-244 -224 0
-249 -229 0
-244 -34 0
-249 -39 0
-244 -84 0
-249 -89 0
-244 -134 0
-249 -139 0
-244 -184 0
-249 -189 0
-244 -234 0
-249 -239 0
-244 -44 0
-249 -49 0
-244 -94 0
-249 -99 0
-244 -144 0
-249 -149 0
-244 -194 0
-249 -199 0
-5 -55 0
-10 -60 0
-5 -105 0
-10 -110 0
-5 -155 0
-10 -160 0
-5 -205 0
-10 -210 0
-5 -15 0
-10 -20 0
-5 -65 0
-10 -70 0
-5 -115 0
-10 -120 0
-5 -165 0
-10 -170 0
-5 -215 0
-10 -220 0
-5 -25 0
-10 -30 0
-5 -75 0
-10 -80 0
-5 -125 0
-10 -130 0
-5 -175 0
-10 -180 0
-5 -225 0
-10 -230 0
-5 -35 0
-10 -40 0
-5 -85 0
-10 -90 0
-5 -135 0
-10 -140 0
-5 -185 0
-10 -190 0
-5 -235 0
-10 -240 0
-5 -45 0
-10 -50 0
-5 -95 0
-10 -100 0
-5 -145 0
-10 -150 0
-5 -195 0
-10 -200 0
-5 -245 0
-10 -250 0
-55 -5 0
-60 -10 0
-55 -105 0
-60 -110 0
-55 -155 0
-60 -160 0
-55 -205 0
-60 -210 0
-55 -15 0
-60 -20 0
-55 -65 0
-60 -70 0
-55 -115 0
-60 -120 0
-55 -165 0
-60 -170 0
-55 -215 0
-60 -220 0
-55 -25 0
-60 -30 0
-55 -75 0
-60 -80 0
-55 -125 0
-60 -130 0
-55 -175 0
-60 -180 0
-55 -225 0
-60 -230 0
-55 -35 0
-60 -40 0
-55 -85 0
-60 -90 0
-55 -135 0
-60 -140 0
-55 -185 0
-60 -190 0
-55 -235 0
-60 -240 0
-55 -45 0
-60 -50 0
-55 -95 0
-60 -100 0
-55 -145 0
-60 -150 0
-55 -195 0
-60 -200 0
-55 -245 0
-60 -250 0
-105 -5 0
-110 -10 0
-105 -55 0
-110 -60 0
-105 -155 0
-110 -160 0
-105 -205 0
-110 -210 0
-105 -15 0
-110 -20 0
-105 -65 0
-110 -70 0
-105 -115 0
-110 -120 0
-105 -165 0
-110 -170 0
-105 -215 0
-110 -220 0
-105 -25 0
-110 -30 0
-105 -75 0
-110 -80 0
-105 -125 0
-110 -130 0
-105 -175 0
-110 -180 0
-105 -225 0
-110 -230 0
-105 -35 0
-110 -40 0
-105 -85 0
-110 -90 0
-105 -135 0
-110 -140 0
-105 -185 0
-110 -190 0
-105 -235 0
-110 -240 0
-105 -45 0
-110 -50 0
-105 -95 0
-110 -100 0
-105 -145 0
-110 -150 0
-105 -195 0
-110 -200 0
-105 -245 0
-110 -250 0
-155 -5 0
-160 -10 0
-155 -55 0
-160 -60 0
-155 -105 0
-160 -110 0
-155 -205 0
-160 -210 0
-155 -15 0
-160 -20 0
-155 -65 0
-160 -70 0
-155 -115 0
-160 -120 0
-155 -165 0
-160 -170 0
-155 -215 0
-160 -220 0
-155 -25 0
-160 -30 0
-155 -75 0
-160 -80 0
-155 -125 0
-160 -130 0
-155 -175 0
-160 -180 0
-155 -225 0
-160 -230 0
-155 -35 0
-160 -40 0
-155 -85 0
-160 -90 0
-155 -135 0
-160 -140 0
-155 -185 0
-160 -190 0
-155 -235 0
-160 -240 0
-155 -45 0
-160 -50 0
-155 -95 0
-160 -100 0
-155 -145 0
-160 -150 0
-155 -195 0
-160 -200 0
-155 -245 0
-160 -250 0
-205 -5 0
-210 -10 0
-205 -55 0
-210 -60 0
-205 -105 0
-210 -110 0
-205 -155 0
-210 -160 0
-205 -15 0
-210 -20 0
-205 -65 0
-210 -70 0
-205 -115 0
-210 -120 0
-205 -165 0
-210 -170 0
-205 -215 0
-210 -220 0
-205 -25 0
-210 -30 0
-205 -75 0
-210 -80 0
-205 -125 0
-210 -130 0
-205 -175 0
-210 -180 0
-205 -225 0
-210 -230 0
-205 -35 0
-210 -40 0
-205 -85 0
-210 -90 0
-205 -135 0
-210 -140 0
-205 -185 0
-210 -190 0
-205 -235 0
-210 -240 0
-205 -45 0
-210 -50 0
-205 -95 0
-210 -100 0
-205 -145 0
-210 -150 0
-205 -195 0
-210 -200 0
-205 -245 0
-210 -250 0
-15 -5 0
-20 -10 0
-15 -55 0
-20 -60 0
-15 -105 0
-20 -110 0
-15 -155 0
-20 -160 0
-15 -205 0
-20 -210 0
-15 -65 0
-20 -70 0
-15 -115 0
-20 -120 0
-15 -165 0
-20 -170 0
-15 -215 0
-20 -220 0
-15 -25 0
-20 -30 0
-15 -75 0
-20 -80 0
-15 -125 0
-20 -130 0
-15 -175 0
-20 -180 0
-15 -225 0
-20 -230 0
-15 -35 0
-20 -40 0
-15 -85 0
-20 -90 0
-15 -135 0
-20 -140 0
-15 -185 0
-20 -190 0
-15 -235 0
-20 -240 0
-15 -45 0
-20 -50 0
-15 -95 0
-20 -100 0
-15 -145 0
-20 -150 0
-15 -195 0
-20 -200 0
-15 -245 0
-20 -250 0
-65 -5 0
-70 -10 0
-65 -55 0
-70 -60 0
-65 -105 0
-70 -110 0
-65 -155 0
-70 -160 0
-65 -205 0
-70 -210 0
-65 -15 0
-70 -20 0
-65 -115 0
-70 -120 0
-65 -165 0
-70 -170 0
-65 -215 0
-70 -220 0
-65 -25 0
-70 -30 0
-65 -75 0
-70 -80 0
-65 -125 0
-70 -130 0
-65 -175 0
-70 -180 0
-65 -225 0
-70 -230 0
-65 -35 0
-70 -40 0
-65 -85 0
-70 -90 0
-65 -135 0
-70 -140 0
-65 -185 0
-70 -190 0
-65 -235 0
-70 -240 0
-65 -45 0
-70 -50 0
-65 -95 0
-70 -100 0
-65 -145 0
-70 -150 0
-65 -195 0
-70 -200 0
-65 -245 0
-70 -250 0
-115 -5 0
-120 -10 0
-115 -55 0
-120 -60 0
-115 -105 0
-120 -110 0
-115 -155 0
-120 -160 0
-115 -205 0
-120 -210 0
-115 -15 0
-120 -20 0
-115 -65 0
-120 -70 0
-115 -165 0
-120 -170 0
-115 -215 0
-120 -220 0
-115 -25 0
-120 -30 0
-115 -75 0
-120 -80 0
-115 -125 0
-120 -130 0
-115 -175 0
-120 -180 0
-115 -225 0
-120 -230 0
-115 -35 0
-120 -40 0
-115 -85 0
-120 -90 0
-115 -135 0
-120 -140 0
-115 -185 0
-120 -190 0
-115 -235 0
-120 -240 0
-115 -45 0
-120 -50 0
-115 -95 0
-120 -100 0
-115 -145 0
-120 -150 0
-115 -195 0
-120 -200 0
-115 -245 0
-120 -250 0
-165 -5 0
-170 -10 0
-165 -55 0
-170 -60 0
-165 -105 0
-170 -110 0
-165 -155 0
-170 -160 0
-165 -205 0
-170 -210 0
-165 -15 0
-170 -20 0
-165 -65 0
-170 -70 0
-165 -115 0
-170 -120 0
-165 -215 0
-170 -220 0
-165 -25 0
-170 -30 0
-165 -75 0
-170 -80 0
-165 -125 0
-170 -130 0
-165 -175 0
-170 -180 0
-165 -225 0
-170 -230 0
-165 -35 0
-170 -40 0
-165 -85 0
-170 -90 0
-165 -135 0
-170 -140 0
-165 -185 0
-170 -190 0
-165 -235 0
-170 -240 0
-165 -45 0
-170 -50 0
-165 -95 0
-170 -100 0
-165 -145 0
-170 -150 0
-165 -195 0
-170 -200 0
-165 -245 0
-170 -250 0
-215 -5 0
-220 -10 0
-215 -55 0
-220 -60 0
-215 -105 0
-220 -110 0
-215 -155 0
-220 -160 0
-215 -205 0
-220 -210 0
-215 -15 0
-220 -20 0
-215 -65 0
-220 -70 0
-215 -115 0
-220 -120 0
-215 -165 0
-220 -170 0
-215 -25 0
-220 -30 0
-215 -75 0
-220 -80 0
-215 -125 0
-220 -130 0
-215 -175 0
-220 -180 0
-215 -225 0
-220 -230 0
-215 -35 0
-220 -40 0
-215 -85 0
-220 -90 0
-215 -135 0
-220 -140 0
-215 -185 0
-220 -190 0
-215 -235 0
-220 -240 0
-215 -45 0
-220 -50 0
-215 -95 0
-220 -100 0
-215 -145 0
-220 -150 0
-215 -195 0
-220 -200 0
-215 -245 0
-220 -250 0
-25 -5 0
-30 -10 0
-25 -55 0
-30 -60 0
-25 -105 0
-30 -110 0
-25 -155 0
-30 -160 0
-25 -205 0
-30 -210 0
-25 -15 0
-30 -20 0
-25 -65 0
-30 -70 0
-25 -115 0
-30 -120 0
-25 -165 0
-30 -170 0
-25 -215 0
-30 -220 0
-25 -75 0
-30 -80 0
-25 -125 0
-30 -130 0
-25 -175 0
-30 -180 0
-25 -225 0
-30 -230 0
-25 -35 0
-30 -40 0
-25 -85 0
-30 -90 0
-25 -135 0
-30 -140 0
-25 -185 0
-30 -190 0
-25 -235 0
-30 -240 0
-25 -45 0
-30 -50 0
-25 -95 0
-30 -100 0
-25 -145 0
-30 -150 0
-25 -195 0
-30 -200 0
-25 -245 0
-30 -250 0
-75 -5 0
-80 -10 0
-75 -55 0
-80 -60 0
-75 -105 0
-80 -110 0
-75 -155 0
-80 -160 0
-75 -205 0
-80 -210 0
-75 -15 0
-80 -20 0
-75 -65 0
-80 -70 0
-75 -115 0
-80 -120 0
-75 -165 0
-80 -170 0
-75 -215 0
-80 -220 0
-75 -25 0
-80 -30 0
-75 -125 0
-80 -130 0
-75 -175 0
-80 -180 0
-75 -225 0
-80 -230 0
-75 -35 0
-80 -40 0
-75 -85 0
-80 -90 0
-75 -135 0
-80 -140 0
-75 -185 0
-80 -190 0
-75 -235 0
-80 -240 0
-75 -45 0
-80 -50 0
-75 -95 0
-80 -100 0
-75 -145 0
-80 -150 0
-75 -195 0
-80 -200 0
-75 -245 0
-80 -250 0
-125 -5 0
-130 -10 0
-125 -55 0
-130 -60 0
-125 -105 0
-130 -110 0
-125 -155 0
-130 -160 0
-125 -205 0
-130 -210 0
-125 -15 0
-130 -20 0
-125 -65 0
-130 -70 0
-125 -115 0
-130 -120 0
-125 -165 0
-130 -170 0
-125 -215 0
-130 -220 0
-125 -25 0
-130 -30 0
-125 -75 0
-130 -80 0
-125 -175 0
-130 -180 0
-125 -225 0
-130 -230 0
-125 -35 0
-130 -40 0
-125 -85 0
-130 -90 0
-125 -135 0
-130 -140 0
-125 -185 0
-130 -190 0
-125 -235 0
-130 -240 0
-125 -45 0
-130 -50 0
-125 -95 0
-130 -100 0
-125 -145 0
-130 -150 0
-125 -195 0
-130 -200 0
-125 -245 0
-130 -250 0
-175 -5 0
-180 -10 0
-175 -55 0
-180 -60 0
-175 -105 0
-180 -110 0
-175 -155 0
-180 -160 0
-175 -205 0
-180 -210 0
-175 -15 0
-180 -20 0
-175 -65 0
-180 -70 0
-175 -115 0
-180 -120 0
-175 -165 0
-180 -170 0
-175 -215 0
-180 -220 0
-175 -25 0
-180 -30 0
-175 -75 0
-180 -80 0
-175 -125 0
-180 -130 0
-175 -225 0
-180 -230 0
-175 -35 0
-180 -40 0
-175 -85 0
-180 -90 0
-175 -135 0
-180 -140 0
-175 -185 0
-180 -190 0
-175 -235 0
-180 -240 0
-175 -45 0
-180 -50 0
-175 -95 0
-180 -100 0
-175 -145 0
-180 -150 0
-175 -195 0
-180 -200 0
-175 -245 0
-180 -250 0
-225 -5 0
-230 -10 0
-225 -55 0
-230 -60 0
-225 -105 0
-230 -110 0
-225 -155 0
-230 -160 0
-225 -205 0
-230 -210 0
-225 -15 0
-230 -20 0
-225 -65 0
-230 -70 0
-225 -115 0
-230 -120 0
-225 -165 0
-230 -170 0
-225 -215 0
-230 -220 0
-225 -25 0
-230 -30 0
-225 -75 0
-230 -80 0
-225 -125 0
-230 -130 0
-225 -175 0
-230 -180 0
-225 -35 0
-230 -40 0
-225 -85 0
-230 -90 0
-225 -135 0
-230 -140 0
-225 -185 0
-230 -190 0
-225 -235 0
-230 -240 0
-225 -45 0
-230 -50 0
-225 -95 0
-230 -100 0
-225 -145 0
-230 -150 0
-225 -195 0
-230 -200 0
-225 -245 0
-230 -250 0
-35 -5 0
-40 -10 0
-35 -55 0
-40 -60 0
-35 -105 0
-40 -110 0
-35 -155 0
-40 -160 0
-35 -205 0
-40 -210 0
-35 -15 0
-40 -20 0
-35 -65 0
-40 -70 0
-35 -115 0
-40 -120 0
-35 -165 0
-40 -170 0
-35 -215 0
-40 -220 0
-35 -25 0
-40 -30 0
-35 -75 0
-40 -80 0
-35 -125 0
-40 -130 0
-35 -175 0
-40 -180 0
-35 -225 0
-40 -230 0
-35 -85 0
-40 -90 0
-35 -135 0
-40 -140 0
-35 -185 0
-40 -190 0
-35 -235 0
-40 -240 0
-35 -45 0
-40 -50 0
-35 -95 0
-40 -100 0
-35 -145 0
-40 -150 0
-35 -195 0
-40 -200 0
-35 -245 0
-40 -250 0
-85 -5 0
-90 -10 0
-85 -55 0
-90 -60 0
-85 -105 0
-90 -110 0
-85 -155 0
-90 -160 0
-85 -205 0
-90 -210 0
-85 -15 0
-90 -20 0
-85 -65 0
-90 -70 0
-85 -115 0
-90 -120 0
-85 -165 0
-90 -170 0
-85 -215 0
-90 -220 0
-85 -25 0
-90 -30 0
-85 -75 0
-90 -80 0
-85 -125 0
-90 -130 0
-85 -175 0
-90 -180 0
-85 -225 0
-90 -230 0
-85 -35 0
-90 -40 0
-85 -135 0
-90 -140 0
-85 -185 0
-90 -190 0
-85 -235 0
-90 -240 0
-85 -45 0
-90 -50 0
-85 -95 0
-90 -100 0
-85 -145 0
-90 -150 0
-85 -195 0
-90 -200 0
-85 -245 0
-90 -250 0
-135 -5 0
-140 -10 0
-135 -55 0
-140 -60 0
-135 -105 0
-140 -110 0
-135 -155 0
-140 -160 0
-135 -205 0
-140 -210 0
-135 -15 0
-140 -20 0
-135 -65 0
-140 -70 0
-135 -115 0
-140 -120 0
-135 -165 0
-140 -170 0
-135 -215 0
-140 -220 0
-135 -25 0
-140 -30 0
-135 -75 0
-140 -80 0
-135 -125 0
-140 -130 0
-135 -175 0
-140 -180 0
-135 -225 0
-140 -230 0
-135 -35 0
-140 -40 0
-135 -85 0
-140 -90 0
-135 -185 0
-140 -190 0
-135 -235 0
-140 -240 0
-135 -45 0
-140 -50 0
-135 -95 0
-140 -100 0
-135 -145 0
-140 -150 0
-135 -195 0
-140 -200 0
-135 -245 0
-140 -250 0
-185 -5 0
-190 -10 0
-185 -55 0
-190 -60 0
-185 -105 0
-190 -110 0
-185 -155 0
-190 -160 0
-185 -205 0
-190 -210 0
-185 -15 0
-190 -20 0
-185 -65 0
-190 -70 0
-185 -115 0
-190 -120 0
-185 -165 0
-190 -170 0
-185 -215 0
-190 -220 0
-185 -25 0
-190 -30 0
-185 -75 0
-190 -80 0
-185 -125 0
-190 -130 0
-185 -175 0
-190 -180 0
-185 -225 0
-190 -230 0
-185 -35 0
-190 -40 0
-185 -85 0
-190 -90 0
-185 -135 0
-190 -140 0
-185 -235 0
-190 -240 0
-185 -45 0
-190 -50 0
-185 -95 0
-190 -100 0
-185 -145 0
-190 -150 0
-185 -195 0
-190 -200 0
-185 -245 0
-190 -250 0
-235 -5 0
-240 -10 0
-235 -55 0
-240 -60 0
-235 -105 0
-240 -110 0
-235 -155 0
-240 -160 0
-235 -205 0
-240 -210 0
-235 -15 0
-240 -20 0
-235 -65 0
-240 -70 0
-235 -115 0
-240 -120 0
-235 -165 0
-240 -170 0
-235 -215 0
-240 -220 0
-235 -25 0
-240 -30 0
-235 -75 0
-240 -80 0
-235 -125 0
-240 -130 0
-235 -175 0
-240 -180 0
-235 -225 0
-240 -230 0
-235 -35 0
-240 -40 0
-235 -85 0
-240 -90 0
-235 -135 0
-240 -140 0
-235 -185 0
-240 -190 0
-235 -45 0
-240 -50 0
-235 -95 0
-240 -100 0
-235 -145 0
-240 -150 0
-235 -195 0
-240 -200 0
-235 -245 0
-240 -250 0
-45 -5 0
-50 -10 0
-45 -55 0
-50 -60 0
-45 -105 0
-50 -110 0
-45 -155 0
-50 -160 0
-45 -205 0
-50 -210 0
-45 -15 0
-50 -20 0
-45 -65 0
-50 -70 0
-45 -115 0
-50 -120 0
-45 -165 0
-50 -170 0
-45 -215 0
-50 -220 0
-45 -25 0
-50 -30 0
-45 -75 0
-50 -80 0
-45 -125 0
-50 -130 0
-45 -175 0
-50 -180 0
-45 -225 0
-50 -230 0
-45 -35 0
-50 -40 0
-45 -85 0
-50 -90 0
-45 -135 0
-50 -140 0
-45 -185 0
-50 -190 0
-45 -235 0
-50 -240 0
-45 -95 0
-50 -100 0
-45 -145 0
-50 -150 0
-45 -195 0
-50 -200 0
-45 -245 0
-50 -250 0
-95 -5 0
-100 -10 0
-95 -55 0
-100 -60 0
-95 -105 0
-100 -110 0
-95 -155 0
-100 -160 0
-95 -205 0
-100 -210 0
-95 -15 0
-100 -20 0
-95 -65 0
-100 -70 0
-95 -115 0
-100 -120 0
-95 -165 0
-100 -170 0
-95 -215 0
-100 -220 0
-95 -25 0
-100 -30 0
-95 -75 0
-100 -80 0
-95 -125 0
-100 -130 0
-95 -175 0
-100 -180 0
-95 -225 0
-100 -230 0
-95 -35 0
-100 -40 0
-95 -85 0
-100 -90 0
-95 -135 0
-100 -140 0
-95 -185 0
-100 -190 0
-95 -235 0
-100 -240 0
-95 -45 0
-100 -50 0
-95 -145 0
-100 -150 0
-95 -195 0
-100 -200 0
-95 -245 0
-100 -250 0
-145 -5 0
-150 -10 0
-145 -55 0
-150 -60 0
-145 -105 0
-150 -110 0
-145 -155 0
-150 -160 0
-145 -205 0
-150 -210 0
-145 -15 0
-150 -20 0
-145 -65 0
-150 -70 0
-145 -115 0
-150 -120 0
-145 -165 0
-150 -170 0
-145 -215 0
-150 -220 0
-145 -25 0
-150 -30 0
-145 -75 0
-150 -80 0
-145 -125 0
-150 -130 0
-145 -175 0
-150 -180 0
-145 -225 0
-150 -230 0
-145 -35 0
-150 -40 0
-145 -85 0
-150 -90 0
-145 -135 0
-150 -140 0
-145 -185 0
-150 -190 0
-145 -235 0
-150 -240 0
-145 -45 0
-150 -50 0
-145 -95 0
-150 -100 0
-145 -195 0
-150 -200 0
-145 -245 0
-150 -250 0
-195 -5 0
-200 -10 0
-195 -55 0
-200 -60 0
-195 -105 0
-200 -110 0
-195 -155 0
-200 -160 0
-195 -205 0
-200 -210 0
-195 -15 0
-200 -20 0
-195 -65 0
-200 -70 0
-195 -115 0
-200 -120 0
-195 -165 0
-200 -170 0
-195 -215 0
-200 -220 0
-195 -25 0
-200 -30 0
-195 -75 0
-200 -80 0
-195 -125 0
-200 -130 0
-195 -175 0
-200 -180 0
-195 -225 0
-200 -230 0
-195 -35 0
-200 -40 0
-195 -85 0
-200 -90 0
-195 -135 0
-200 -140 0
-195 -185 0
-200 -190 0
-195 -235 0
-200 -240 0
-195 -45 0
-200 -50 0
-195 -95 0
-200 -100 0
-195 -145 0
-200 -150 0
-195 -245 0
-200 -250 0
-245 -5 0
-250 -10 0
-245 -55 0
-250 -60 0
-245 -105 0
-250 -110 0
-245 -155 0
-250 -160 0
-245 -205 0
-250 -210 0
-245 -15 0
-250 -20 0
-245 -65 0
-250 -70 0
-245 -115 0
-250 -120 0
-245 -165 0
-250 -170 0
-245 -215 0
-250 -220 0
-245 -25 0
-250 -30 0
-245 -75 0
-250 -80 0
-245 -125 0
-250 -130 0
-245 -175 0
-250 -180 0
-245 -225 0
-250 -230 0
-245 -35 0
-250 -40 0
-245 -85 0
-250 -90 0
-245 -135 0
-250 -140 0
-245 -185 0
-250 -190 0
-245 -235 0
-250 -240 0
-245 -45 0
-250 -50 0
-245 -95 0
-250 -100 0
-245 -145 0
-250 -150 0
-245 -195 0
-250 -200 0
